6773830
6510658
6444865
6708037
7102795
6839623
5786935
4734247
4734247
4865833
5589556
6576451
7234381
7234381
6905416
6708291
5655343
5260585
4997158
5260332
5918523
6510662
6773581
6707790
6050376
5195067
4011306
3682341
4471855
6248266
8156263
9406584
10261891
9867133
8748652
7301206
6051139
5327416
4866867
4537902
4932406
5261371
5656129
5919301
6050889
6248268
6511440
6774612
6445645
6708817
6577485
5919555
4867124
4011815
3617311
3485725
3223067
3157274
3025943
2960150
2763028
2828821
3026454
3354906
4143652
4274981
4274727
4011555
3616797
3287832
3090454
3090454
3090454
4340521
6182727
7827552
8748654
9209205
9472123
9668989
9667446
8219485
7035211
6114109
5193520
5785657
6444357
6181185
5062961
4010273
3221527
3550492
4340008
5656381
7827550
9932415
11511196
11905186
12036770
11707805
11116438
10919059
11248023
11576988
11840160
12037539
11116435
9011059
7300695
6642765
5984835
5195317
5128496
4667945
3681308
2694415
1708036
1313793
1643016
2103569
3287843
3485222
3682088
3813415
3878437
3878180
4008994
3878691
3748645
3289121
3157535
3025949
2893852
2828059
3420196
4078126
7498593
8748660
9800837
9603458
8945530
8748151
9077116
9471361
9404800
9470593
9471363
9405570
9273982
9142396
9208702
9406081
9340286
8682356
7630179
6643284
5919561
5656389
5591366
5854023
6313800
7168337
7760217
7760217
7694424
7562584
6640968
5456440
4732717
4995891
5653308
6574410
7495512
8153443
8481895
8547688
8679789
9206133
9864320
10588045
11049366
11641503
12168104
12562862
12103083
12103083
12037547
12038060
11973037
11973037
12104623
12367025
12169387
12037799
11643039
10393227
8222310
5590587
3353364
2037760
2826757
3353099
4076820
4537371
4536858
4339479
4668444
5260585
6641217
8483169
9799029
9535857
9272685
9667443
9799029
9404271
9733236
9075306
8219997
7627860
6969930
5851449
4338210
3023120
1182208
1380096
2038019
2695949
2959121
2695695
2498316
2563852
3287320
3484699
3747871
3945252
3879459
3682080
3418908
3156249
2827541
3288092
3946022
4406573
4209194
3617057
3156506
3090713
2761748
2893334
2893334
2761748
2630162
2959127
3682850
4209964
5526337
5526083
5394497
5131325
5131068
5393986
6051402
6511440
6905685
8549741
10260359
11246743
11641501
12035489
12232868
12167329
12496291
12364705
12101535
12035743
12035489
12232868
12364456
12496042
12232870
12167077
12167075
12364454
12167329
11180433
9601399
8351586
6378310
5588794
4733485
4601899
4930866
5325624
5391417
5325624
7167830
8088932
8483690
7496795
5785922
5127992
5851715
6838865
5982784
6246210
6443589
6443589
6246210
6048831
5917245
5917245
6048831
6969933
8285793
9338481
9996411
10062204
9535860
8877928
7693653
5785910
3746327
3022604
3680280
4864554
6048571
6772039
7758677
7890263
7955802
7824216
7626323
7363151
7231565
7100493
7166797
7430481
7956826
8483170
8483170
7364689
5259315
3417111
2101251
2430216
3022099
3745822
4337959
4601131
4403754
4074787
3877659
3877659
3417108
3417109
4601383
6114624
7167312
7759195
8088162
8746093
9535355
9995906
10061701
9798529
9535357
9338494
9076350
8945279
9011072
9142656
9340035
9537414
9734535
9734535
9667970
9799556
9865603
9997189
10391432
10523018
10128260
9732988
7034962
5653309
6048067
7890271
9140337
9995646
10324611
9732474
8745833
8153696
7429973
6969422
6574662
5850939
4929837
4206627
3615258
3812637
5588278
8285021
9731184
9795950
10387573
11834505
11637124
11506308
11835530
11705227
9864304
6904389
4602404
3550745
6182725
7367001
6709071
5261625
5261371
5590336
5721409
6050374
6641743
6575950
6444365
6312779
6180680
6049094
5983301
6114373
5653308
7101008
6574921
5194038
5589055
5721411
4274478
2892825
3024669
2958876
3550502
4997948
6576467
6773846
5720644
4338989
3023898
1971721
2498065
3550753
3353376
3024411
2827545
2301201
3025439
4275506
4867643
5262401
5723211
5196867
4473144
4736320
5985621
6775139
7761262
8090481
8024687
7827560
7498080
7103577
5853508
4866613
3813412
3089689
2958105
3550242
4865333
5983814
6313295
5786953
3747368
1444613
1181441
2234129
2168590
918528
1313281
3616036
5589825
6247755
6774099
7168857
6116167
4405549
3616548
5195325
7629666
8945526
7892838
5919048
5326913
5984843
3616297
2497816
2958367
3418918
1971218
1247495
1379081
918530
3155746
4076335
5194816
5786953
5523781
4734265
4076333
3747368
4997435
4142380
3155485
3089692
4208172
5589825
6247755
6247755
5721411
5260090
4667953
4338988
4010023
3616035
3813414
4208172
4932408
4800822
4471857
3814440
3024924
2366994
1972236
1905675
3220510
4141101
6378063
7825509
7102043
6509906
6444367
6115402
6313295
6247502
5524292
4866362
4537397
4405811
5524290
7498080
6511440
5524545
4471857
4142892
4603443
4932408
4800822
4471857
4142892
4866615
5721924
6577233
7300956
7695714
7629921
7235163
7959144
7894121
7827558
7103835
5985354
4998459
4866360
5129532
4800567
4537395
4734517
5458240
6050377
6116170
5852228
5523263
4339759
3484707
4734774
7629666
8550768
7037529
6576978
7695459
7563873
7563873
7629666
7695459
8024424
8221803
7958631
7563616
7036501
6839122
6510928
6510928
6708307
6839893
6840152
6840152
7103324
7300703
7367011
7169632
6577495
5787979
5064772
4800830
4274227
4011053
4866362
5853257
5919050
6379601
6774359
6313808
5524292
5129534
4668983
4208432
3682088
3287330
3418916
3747881
4668981
4537650
4274223
4340016
4734774
4800567
4142639
3221537
3418916
3879467
4603192
5326915
5984845
6379603
6445142
6444885
6049358
4799291
3549738
3154980
2563355
1840145
1840915
2498845
2564636
3090980
4077361
5129536
5918537
6115916
6115402
5918023
5654340
6443086
6969432
7232604
7692900
8087660
7692904
6969181
7890283
8153455
8285039
8285037
8416878
8614255
8548460
8285288
7364188
7758946
7429981
7101016
6772051
5653570
5587777
7101016
8087911
8811634
9272185
9337978
9403771
9074806
7429981
5456707
1641741
852738
458752
655360
1247495
1839632
2497562
3023906
3353125
2629402
2497814
1839884
1116161
3089951
6971738
9471872
11182492
11182492
10261390
10327183
11116699
9011323
4800571
2366230
2760988
3024160
1971472
1313542
2892574
5655880
9011323
11972008
12038312
11314589
11117210
11248796
10722452
9603971
9340799
9867143
9340799
9735557
10130315
10722452
10459280
9077627
9669764
12366766
10589589
10260626
10260626
10655384
10523798
9010559
6444632
4470842
4405049
7628906
11905451
14339792
13484483
10589591
7826285
6510425
8681077
8681075
7562594
6575699
6444113
5786437
5128507
5588545
4404269
5127478
6114372
7167060
7693402
7232594
5916734
4732206
2560786
2560786
2758419
3284761
4008483
5192757
6903629
8219489
9864314
10588037
11114127
10916748
10193026
9600891
9205879
8878197
8155499
7827047
7498082
7498082
7695461
7958633
8090217
8090217
7893093
7169370
6379854
6050889
5919301
5919301
6116680
6379854
5195325
5458497
5195325
3945258
2629653
2234895
2695446
3221790
3550753
3879718
4537648
5261371
5787969
5656383
5130039
4603441
4274991
4407092
4866873
5130045
5656644
6182988
6511440
6445647
6116680
5919301
6247753
7103062
8090211
8879727
9602680
9997438
8748141
7892832
6774351
5984835
5919042
6313800
6971730
7366488
7695453
7234902
6182214
4800561
3813666
4076838
5261112
6576202
7036493
6838344
6312000
5851449
5457462
5194290
5062704
4930864
4931377
5391928
5852481
5852481
5589823
5655616
5721409
5787205
7760743
8287089
8945019
9668742
10195084
10260877
9537154
8681845
7365983
6576467
5721412
5260861
4997689
4997689
5326654
5721412
5129274
5524032
5918790
6247755
6642511
6839890
6577231
6182473
6182727
5459261
4801585
4275241
3288860
2301965
1841414
2103818
3090202
3221788
3485214
3814179
4011558
3945765
3813664
3682078
3220757
3220757
3089426
2694668
2891534
4141601
6115389
7760214
9206892
9206892
9272685
9404271
9273455
8944490
8352353
7891802
7300178
6839627
6642248
6115904
4603435
3024403
2695438
3418906
5786686
7826271
10194565
11444632
11642011
11576218
11642012
11707805
11049875
11115668
11181463
11115670
10326154
8878708
7233629
6181193
5195830
4801584
4209447
3551518
2827795
1841416
1117696
591616
920576
854784
1117955
1710608
2302747
2500126
2565665
2631712
3749161
4209196
4144173
3749415
3420709
3552295
3750444
3947823
4999742
5657159
6314321
6905945
8418671
10260361
10654606
9931142
9602949
9405827
9208448
9076862
9142655
9405827
9800585
9997964
9274241
9471620
9603206
9537413
9274241
9076862
9011069
9142396
8352364
8022884
7628126
7562333
7891298
8351335
8219749
7890784
7101268
6837583
6377032
5915968
5455417
5784382
7100242
8416102
9271411
9206131
9140340
9009011
9140599
9666943
10522254
11049112
12759731
12562352
12364975
12102062
12036271
11970478
11904685
11904683
11312797
11773346
12168104
12233899
12036520
11641762
10852246
10128264
7825507
5456443
3680029
3022353
2890764
3745812
4403996
3943702
4141599
4338980
4272418
4404004
5982523
8285278
9732213
9863799
8613218
8547425
9401967
10454655
10388348
8875109
7756117
7493456
6574149
5258800
3745561
3087631
3416596
4403491
5127729
5522487
6049347
5786175
5325624
4667694
4010023
3944230
4273195
4668207
5786173
5588794
5062450
4404520
4009762
3878176
3549211
3220246
2891281
2562316
1970179
1575424
1707008
1904386
1641216
1246464
2496523
3088662
4075557
5194038
6049347
6246728
5720384
5128247
4009766
4930613
5127992
5720131
7562335
9075574
9865090
10720912
10984600
10655635
10589842
10918807
11247774
11313567
11379360
11510946
10655382
10721175
10721177
10655384
10655384
10655384
10786970
10918556
11510177
12036007
12496812
12628396
12431270
11510166
9799546
8220768
4865324
3746843
3220499
3681050
4010015
4273187
5325876
6707529
7299665
7102286
6773321
6510150
6444614
6510407
6247237
5918272
6116167
5918788
5195065
4142377
3353376
3813927
5129787
6314061
8485230
9274746
9932674
9866881
9340024
8616301
7892832
7300695
6247237
4733998
3154964
2957585
4010016
5260083
6312770
6904908
7299927
7628892
7892578
7892578
7629406
7366234
7103575
7103575
7169368
8616814
9472636
9275257
7301467
3617059
1051904
1249027
656896
1117441
1840650
1972234
1445890
1051136
1248000
1708803
3551007
4077349
4866352
5655868
6511177
7235155
7826522
8023646
8417893
8549481
8483688
8352102
8352361
8483947
8286568
8023396
9603199
10129543
10590353
10985111
11050904
10721939
9932423
9077112
8484717
9011061
9208440
9537403
10721677
11314068
9340278
6576972
3879459
4405801
6576970
8550760
9077104
9208945
8879980
7761499
7628888
7168337
6313798
5524282
4471849
3155989
1971715
1313792
2892045
5260080
7759700
8613983
8745053
9534056
11309697
12756371
13019027
12163717
12164488
12822675
10257263
4402713
2166784
4338978
5194802
5589305
5655870
5260858
4602928
4537137
5260090
6049349
6903886
7035472
7167058
7035472
6509130
5851200
5259833
5194040
5589056
6970709
6115402
5391679
3221024
4865849
4734263
4668470
5261120
4208432
3353123
3484709
4274225
4734776
4734776
4471604
3616295
2892572
2432021
3024158
3747881
3550502
3418916
3945260
4405809
5063739
5853257
6050638
5589833
4997697
5063492
5392457
6708317
6642524
6839901
7366244
7892842
8024426
7892838
7695459
6839892
6050376
4010793
2037003
2628370
5194297
7365466
8023396
5917763
3088664
2628113
3943973
3943203
3548445
3614238
3351067
1772549
2496274
4338478
6049096
5522752
3548962
2825239
3483169
8351851
10523020
11575708
10523020
9865090
10325641
10194055
9207158
8219749
6838096
5653822
4272169
3087895
3087895
2890516
1640449
1706241
3548445
5127477
5193270
4469547
3943203
3548445
3087894
3811617
3745822
3351064
4601131
7496023
8482918
7232851
6180163
5982786
5588028
5982786
5916993
4666926
4206375
4337961
3878180
4010024
4405552
4208173
3879208
3550243
2300176
1773578
2694680
2957854
4207921
6510676
7300192
6115920
5589576
5984334
5918539
6116169
6181960
5589823
4734514
4931895
6050376
6708306
6708306
5655619
5129275
4339505
4076333
4602677
5063228
4668470
3944747
3353123
5458499
7761254
8682356
8221805
7563875
7498080
7761252
8616816
7498335
6511440
5787717
4932406
4142890
4406062
5261373
7432287
8353389
7892838
6905943
7761252
8682354
7103322
4668981
2760984
4734774
7827045
8813940
7234908
6379599
6971736
7300701
7892840
7892840
7761254
7629668
7695461
7827047
7563875
7169117
7432289
6576980
6248015
6642773
7037531
7037531
7300703
7892840
7168604
6839639
6444881
5918537
5129021
4207919
3813161
3813161
4734263
4865849
5129021
5523779
5984330
6181709
6181709
6115918
6050384
5129282
3616297
2497816
2432021
3221535
3945513
4208685
4866615
3353376
5984841
4997948
4340020
4340020
1642253
3418664
8221807
7958633
7563875
7498082
7827045
7300701
4997946
2563605
2695446
2761239
2498067
1971723
1774342
2366479
3484960
4537137
6641744
6838612
6904405
6838612
6838612
6904405
7035993
7233372
7298911
7562083
7496290
7101532
6772568
6969947
7496291
7891562
3484449
2497554
1510659
1050112
721664
590080
1116416
1774344
393216
853760
1117441
1117441
1117441
1380613
1775371
1906957
1971468
3616293
2760986
458752
393216
3156259
6708827
9537927
11314854
11841200
12104374
11906741
11512497
11512243
11709622
11841462
11447471
11381678
11250092
11315887
11513011
11644599
11710392
11710392
11381427
10328739
9012879
8354947
8355202
8881544
9342095
9671312
9868689
9802895
8618621
7565933
6776671
4408123
1907217
1117955
1643785
1577992
2236176
4078380
6380363
7630430
7433051
6644307
5197120
3092259
1842194
2105368
2236700
1907736
2893863
4407104
6577762
7104106
7827827
8222583
8353653
7958895
7498343
7038560
6841692
6316118
5460809
4539707
4079156
3881777
3683628
3288870
3288613
2959648
2762269
3091234
4077359
5656391
7630181
9274493
9668224
9930883
9865092
9272955
8417905
7562596
6838874
6246737
5392197
4997437
4405298
3747622
3024411
2629651
2629905
2761491
3156510
3748647
4274478
4076586
3417887
2627858
2364172
2364172
3153688
2429965
2035721
2496785
3221278
4076846
5195840
6182733
7169370
6774610
6511440
6314061
5458752
4142892
3221535
3024156
2300433
3024156
4142639
5063741
5392706
5392706
5326915
5392706
6774870
8222316
9472383
9669762
9669762
9932934
9801350
9340799
8946043
8551285
7827562
7038046
6182483
5327174
4537658
4011568
4274478
4340269
4800820
5787715
6840405
7564128
7893093
7958886
7892838
7498080
6971736
6576978
6774359
7629668
8945528
9867143
10131085
10591893
11184030
11776167
12368045
11710115
9341566
6841432
4932919
4932919
4998710
4932917
4472109
3616798
2958868
2695695
2695695
2893074
3353625
4077348
5064243
6182724
7038033
7564377
6182724
6248517
6182724
6051138
6051138
6116931
5919552
5590841
3550995
3222283
3156490
3353869
3485455
3419662
3353869
3419662
3024904
3090697
3222283
3222283
3156490
2959111
2695939
2564099
2301189
2761742
3616797
4603693
5722176
6906450
8024677
8748400
9406330
9208951
8880240
7959138
6380104
5064243
5196083
6051138
6182727
5656129
5129785
4998199
5063992
5327164
5919301
6445647
6314061
6642771
7300701
8419182
9537663
10392974
10787732
10919318
10393487
10787734
10656146
10129289
10063496
10391947
9997187
9272951
6970196
6904916
6575950
5655618
4669236
3551268
2301969
1380867
723456
789248
1315585
1973515
2236433
2302226
2828570
3552293
3354916
3025951
3354916
4341811
5065535
5065535
4868156
4933436
4537910
3682088
2892572
3155744
4537399
6379603
8287087
9405568
9273214
9010042
8746870
8681077
8877944
8877944
8746358
8614771
8286060
7957095
7035991
5325373
3154204
1246208
720896
720896
786432
1114624
1312256
1378048
1575425
1970183
2233353
2167560
2232583
2166792
2166792
2298378
2166792
2100999
2298379
2693137
4469548
5587775
7166807
8351081
8811632
8745841
8351083
7825509
7168604
5326913
6050638
8813690
11050653
12761273
12958398
11510954
12037298
12300470
12432056
12234675
11971757
11774376
11576997
11313825
11642790
10787480
9340288
7498082
5590083
3879720
2826517
2366220
3615517
4010275
4207654
4010277
4075557
4996661
6641486
7957604
8747638
8945276
9011069
8682358
8287600
8090219
7892327
7629155
7497055
7957604
8286569
8418154
8483690
8286311
7694174
6970451
6839123
4996919
2497555
1115904
721152
853248
1182208
1314306
854528
1117696
986368
394240
66048
592384
1316612
1842443
2105099
2368271
2368271
1973513
1841927
2039306
2236687
2170894
3289121
3091742
3223328
3486500
3289123
2762779
2894365
3617576
4735289
6051149
9275006
9472385
6709079
5985356
5985356
4866875
393216
787712
1577225
2564120
4011566
5853770
7959146
9472387
10195343
10984859
11642789
11971754
12169133
12498098
12827317
12958903
11577248
10458767
9011319
7629666
6050889
4866615
4669236
5195580
5984581
5195065
4273963
4142377
4405549
4537135
4142377
3681826
3550240
2102794
1050112
1050112
1115904
1379072
2760724
4471594
6115902
6444608
6444608
6378561
7036493
7891803
7825756
7102035
6115142
5654336
6180682
7035993
7496290
8417392
8614772
7496803
6774100
5919301
5458750
5656129
6116167
6379339
6576718
6774097
6970962
7234134
7628892
7760478
7628379
7233621
6904656
6773072
6839123
7497055
7892327
7497569
6313295
4931642
3879467
3484709
2497814
3879467
7301216
10656659
12104105
12630449
12433840
11577761
10853523
10590351
8945526
6050634
3484707
2168847
2629398
3879465
6511185
7169115
7958631
8353389
8221803
8156010
8550768
9077112
9538178
9144190
8551283
8156525
9011834
10261901
10195593
9142905
8879988
8748402
8682096
8747889
8813680
8682094
8484201
8154982
8616304
10129800
9735042
6050634
1971723
787456
2234895
3879720
6774610
7827298
9011826
9340791
8617068
7564380
6840657
6709071
5788480
6051652
5985859
2564623
1774594
7366486
12365984
10589573
4799532
3548695
3613975
4995628
5324336
4600613
5784117
7758936
8155236
5787204
5129274
5392446
4668721
4931893
5984581
5984581
5261112
5063733
5195317
5458489
5129524
4537387
4603180
5129524
4866865
4866865
3682591
3353628
3748386
3419421
4077351
5524543
6906196
5063992
3813927
3945513
3945513
3616548
4274478
5655618
5391676
8154725
7101782
2825237
2694164
6773330
7497055
4470577
4339505
3681575
4405813
5919052
7037533
8156014
8616311
7892588
7958381
7826795
7761256
7827049
7761256
7563877
7300703
7103324
7498082
7366496
6576978
5129532
3879465
3287328
3221790
3352864
3878440
2496787
1641992
2431508
3813161
4931642
5984843
6905945
5721671
5787464
5130047
4406324
4998461
6445907
7038814
6972251
6050634
6445392
7234908
7695459
6971736
4866360
2563605
1247745
1445124
1379331
1708296
2497812
3287328
4011051
4997946
5919048
6379088
7497569
7694948
6905432
7168604
8484464
8945015
8287085
8023913
7037018
6379088
6642260
7037018
6773846
6115916
5589574
4734524
4406073
3813422
2826781
2168849
2497812
3616035
4602928
3418908
4603182
4931379
4141863
3878437
3878437
3680546
3548962
3351067
4732720
6245959
6969682
6838610
6707024
6509645
6378059
6641744
6444365
6246986
5918021
5195068
4273966
3550243
3155485
4339759
6379342
7300444
6379342
5589826
5392447
5195068
4997689
4734517
4405552
3681829
2826520
2365969
2300176
2234383
2037004
4668983
5326913
6116429
6971738
8024428
8156014
6511189
4405813
2826527
2365976
2563355
3813422
5326662
6313557
6839901
7103073
6379352
5918801
5458250
5260871
5129285
5129283
5589576
6115918
7562848
7891811
8286569
8418154
8286311
8088930
8088930
8088930
7036753
6444616
5853247
5721916
5129777
3945503
2959119
2695947
2761742
2761488
2498830
2169611
1906441
2103822
2499095
3090462
4142892
4208683
4274476
4340269
4011304
3221788
2432785
1906441
2499094
2499094
2499094
2367508
2170642
1907470
1644298
1512712
1775372
2235925
3091234
4341301
5788493
7104353
7893869
8157041
8025457
8551801
7433320
5393737
3814706
2630432
2696225
4143671
5985105
7168866
7695210
7234659
7168608
7826538
8155503
7826538
8812661
7365215
6838871
7496801
7628128
6904405
7364956
8615536
8616050
8023913
7365983
6905432
7037018
7563616
8155753
8550510
9405819
7826785
5326651
3089689
1773829
1576704
2103048
2498319
1709062
1709062
1709062
1709060
1643521
1577216
1511680
1445888
3024401
3221782
3616285
4010275
3483933
2891542
3088922
3615784
7169127
9735572
11511983
11906741
12301499
11906742
11051946
10985899
11249841
11381427
11578806
11644601
11513272
11513272
11644858
11776185
12104121
11577776
10656674
9735572
9077896
8814724
8814981
8946567
9604751
9736851
9737105
9408140
8881796
8026744
6710884
5592657
1578771
986633
920840
1776149
3026216
3947318
4473662
4802627
5986901
5723729
4342076
2499872
2039321
2894630
3355181
3091495
4341049
6116690
7498343
8024687
8419699
8946043
8551285
7630183
7235423
6972251
6643284
6314319
5853768
4998459
3945771
3156257
3418664
3221286
3023907
3089700
3221285
3813422
4931903
5919052
7563877
8813942
9603458
9208698
8484975
8024424
7432287
6642771
6182220
5458497
5129532
5261118
4800567
3616293
2695191
2497812
3484707
3353121
3221535
3089949
2826777
2300433
1774089
1445126
1511434
1511434
1379846
1314051
1577478
2366994
3353887
4011817
5261884
5722435
6248781
6380367
6314319
5985356
5327428
4669496
3024156
2497812
2103054
2432019
3221535
4076844
4866360
5392704
5392704
5787462
6576978
7629666
8682354
9208698
9274491
9142905
9734784
9603198
9208441
8616304
7826788
7037272
6379088
5984330
4931642
4076333
3418405
3549991
4471093
5457988
6181713
6641492
7957346
8023137
8154723
8088930
7694685
7299673
7103064
7234650
7564128
9340797
10854806
11446945
11973546
12697269
12763062
12236461
11183003
9011321
6050636
4340018
4471602
5195325
5129532
4603188
3879465
3353121
2958618
2761239
2761239
3024411
3879720
4735027
5854019
6511951
6840918
6380112
5853770
5722184
5919565
5985358
6248530
5919565
4998461
3616808
2629911
2498580
2893336
3222299
3814438
3814438
3814440
3682854
3485475
3156510
2827290
2629911
3090462
3222048
3222050
2827292
2366741
2893085
4537912
6182735
7563873
8748147
9537663
9471870
9208698
8945526
8090217
7037529
6050634
5919048
6116427
6379599
6182220
5458497
4734774
4537138
5983814
6312266
6246473
5720129
5522750
6509645
8351851
9865090
11115159
11575710
11444124
10786194
10654354
11114905
11312284
11049623
10063496
9668992
9273464
8747120
8154470
7101782
5851201
4798513
3943718
3943718
3681059
2892313
1708296
1050880
1512200
2499095
3090717
3155997
3287328
3287328
3155742
3287328
4076846
4997948
5129534
5326913
5261122
4866364
4800571
4734778
4010801
3089699
4076082
5391942
7826283
10392210
11313312
10458003
9207936
8615799
8615799
9076350
9602694
9865866
9668487
8747385
7234146
5918286
4471606
3024160
1313540
589824
852992
1445126
1905675
2037261
524288
1116160
1774344
1971723
1642758
1248000
1116416
1182208
1511170
1708036
2036233
2365198
3220250
4864305
6837583
8153443
8087650
8350822
8482667
8746609
7891813
5523265
4865851
6577495
8946559
11184034
13223362
13420743
12368055
11644334
11512494
11578287
11117736
11315115
11446955
11644332
11710123
11710378
11512997
11381152
10195593
7498335
4274476
2497552
2432013
3089941
3550747
3878942
3813149
3878429
4602153
6115138
7628379
8877676
9601401
9930881
9930883
9338746
8878195
8483437
7562335
6837842
7035221
7824480
8482410
8745582
8877168
8679276
8152932
7363416
6179142
5126967
2692885
1640713
1114369
1377541
1575431
1443845
1509638
1838603
1510406
1181441
787200
984576
1774089
2629398
3089949
3155742
3090717
2696473
2564373
2564373
2827545
2959131
2958618
2892825
2366481
3024411
3550242
4010793
4076586
3681828
4404781
5852998
7037279
5721933
5919312
5853519
3945522
2761248
2761248
2300697
3419178
4208694
5853519
7893102
9472134
10393236
10853787
11051166
10854557
11315108
11577510
11840682
12301232
12038060
11511203
11576996
11643043
9866632
7168606
5194816
4997435
5589572
5523265
4733749
4141097
4733234
5193785
5259578
5260091
4996919
3878438
2562578
1576453
852736
1444867
2168590
2037261
3155742
5590083
7169115
7234908
6576978
7168857
7891810
7628379
7627609
7429971
6508356
7757655
6968141
7231828
8218725
8876914
9403773
8417393
6377809
5128507
5655619
6708307
6708307
6181193
6773330
7233881
6378572
7299161
7233368
7364440
7627612
7890784
8022370
7824991
7627358
7824739
8022118
7890532
6969430
5456191
3942952
2956827
2759448
5391425
8812661
11839139
12036518
10458256
9537154
9537154
9734533
8812915
7167575
6378059
3877925
1706756
2693651
4667441
6707024
8022884
8088677
8220263
8549228
9009779
9338744
9536123
9602431
8155501
7761002
7629670
8353393
9603460
10195597
9471359
8352878
8549743
9141880
9668222
9536636
9141365
9009779
9470585
10062722
10852749
7826785
4208170
2102794
2300173
4142377
6313546
7629406
8945266
9142645
9668989
8945266
7366234
7168855
7366234
6839376
7101519
4929835
3153424
5917243
11378062
12233371
6969931
1641472
3681051
6115649
7957853
4602410
1839104
4010273
6049856
6510409
4799791
5062450
5194036
5062450
4733485
4602153
4667946
4865325
5589047
5523254
5260082
5062701
5194287
5391666
5194287
4734251
4208424
4734514
3616033
4602928
4471344
4076586
5787204
4602930
2629141
3023899
3089692
3089692
4207919
6115916
7365983
7629155
6313810
4537399
3747883
4800571
5524292
4866362
4208432
4274225
5129534
5787464
6708566
7498082
7892838
7827045
7563873
7366237
7562848
7299163
7430749
8154472
8220265
7562335
7167575
7364954
6707279
5523005
4404524
4009766
4009764
3746592
3286041
2957078
3023129
3616036
4537138
6379342
7826788
6708307
4668724
4142380
3484450
3747622
4339759
5326654
6445135
7103065
6971479
6510928
7036504
8680816
7891300
4141612
1378052
1246466
1509638
852480
1444617
1444874
1576460
1971218
2694942
4011315
5853519
7169379
8353139
7892842
7958635
8484979
8484979
7563877
6576982
6050638
5919052
6248017
6248017
5853259
5195329
4537399
3879469
3353123
11250090
11644848
12237239
12829376
13158339
13158339
13092031
12894652
11512484
8420213
5788747
3551785
3879978
6182733
8288364
10788245
12300979
12235188
11906223
11248291
10787740
10656408
10722200
10722454
9406592
8814708
7498846
6972500
6972500
5591101
4275241
4472620
5195832
6248266
7629921
8616816
9208698
9537665
9406081
9077116
8682358
8550772
8221805
7761252
7498335
7432542
7169368
6840657
6774864
5459002
4866865
5459001
5196083
3288086
2498568
3485463
3551258
3814176
4537900
5590590
6314059
6314061
5458497
4669236
3945765
3551007
2958870
2695698
2893077
3419421
3814179
4011558
4472109
4866867
5590590
5985348
5656383
4998453
4866867
5195578
5853255
5326913
4405811
3484707
2826777
2695191
2958363
3287583
3090204
2629651
2169100
2234893
3090202
4406062
5721922
6577231
5590849
5130298
4472370
4011819
3814440
3748647
3616806
3419427
3879978
4472115
5524805
6314321
6445907
6116942
6051151
6248276
6512219
7170408
8288889
9341577
10131093
10591644
10920609
11117988
11512746
11512746
11578539
11841711
11973297
11775918
11117988
10656924
9998478
9603720
9077376
8748411
8682618
8682618
8353653
8090481
7893102
8024688
8156274
8156274
8024688
8090481
8222067
8419445
9142909
9077116
8879737
8682358
8221805
7498082
6708564
6116682
5853508
5459004
5064246
5064244
5393209
5722173
5853759
5854013
6446150
6182978
6051392
6314564
6709581
6972754
6775121
6446158
5657159
4998977
4801601
5261900
5393748
4735566
3946052
3682878
2959145
3813936
4866624
5919312
6577242
6774621
6906207
7037793
6643035
7366758
7893102
8090481
8748411
9866892
10327443
9999505
7566447
7435118
7961462
9408650
10527131
10592665
9802379
9012861
8091500
6775639
5261886
4142890
4142377
4866354
5984065
6510925
7564388
7301734
6840667
6116944
6051151
6774874
7629668
7958633
7761254
8287598
8879476
8616304
7760995
7168858
7562845
8220775
7694685
8089443
8747373
9602682
10392198
10721163
10392198
9865854
8747373
8286822
8549994
9536889
9734268
8681580
7497306
6905685
7432287
9274493
10524560
10195595
9471872
9274493
9077114
8748149
9274493
8945528
8682356
8550770
8287598
8090219
8221805
8484977
7958633
7695461
7366496
7037531
6708566
6248015
5655878
5326913
4866362
4997948
4932155
4668983
4537397
4668983
4932155
4998459
3683622
3091742
2696984
2696984
3091485
3485989
4078126
4538677
5064507
5261631
5459010
5459012
5392706
5129534
4800569
4602938
4668223
5852243
7102564
7234148
6444630
5721160
5655365
5918790
7168855
7695199
8353129
8747887
8879475
8550510
7629408
6904915
6246473
6969682
7628126
8023397
7958374
7629666
7301214
7103835
5787975
5064252
4668981
4997689
5786435
6443852
7035475
7298646
6443076
5850937
5127729
4996143
5194038
5457210
5325884
5062714
5129023
5129025
5392455
6379352
7761264
9011333
9472654
9603470
9866127
9800588
9669002
9405830
9208451
9142658
9274242
9405828
9668999
8945276
7892588
6774107
5853259
5129536
4537399
4273973
4866624
4669761
5261128
6050898
6445656
6314069
6181970
6181970
6445142
5853259
5129023
4668472
4536886
4076333
3286303
2496787
1839371
1247745
1182208
2037516
2827030
2892823
2432526
2103561
1379584
1445379
1905675
2958365
4537399
6379349
8024175
9011070
9076862
9076603
9010294
8681327
8615276
8811885
9272177
9601142
10127486
8943212
7298646
5325626
3286301
2167822
2826268
4273973
7103326
9208702
10590355
11182492
11643043
11314078
10919320
11379871
10656148
11182492
10985113
9866632
9142909
8813944
8024428
7037533
4668472
4536886
4207919
3615782
2629141
1708039
1313793
1445379
1642503
1182465
853504
985090
1314571
2235674
3485487
4669245
6576728
6379603
5590087
4405813
4076848
4932157
6379603
7366498
7629670
7169119
6708568
6379603
6182224
6905947
9077116
11182238
10590102
9932174
9142658
8747900
8747900
8879486
8879486
8747900
8879486
8879486
9011072
9208451
9274244
9208451
8879486
8747387
8944250
9272702
9601667
9733253
9667972
9733765
9996937
10194316
9208189
8747638
7234912
5853259
4668983
3089951
3024158
4865849
7562846
9733502
10457227
10062469
10325643
10457229
10062730
10194316
9667973
9536387
10128270
11312546
11838892
11509927
11246755
11444134
11576234
11576747
11510954
11379368
11313573
11247780
11181728
11050140
11510176
11510174
11247002
10391947
8680816
6180680
3812132
2496525
3153936
3812120
4733222
5325359
5259312
4404004
3153939
2298630
5851198
9206643
10654089
9206644
8022116
7890530
7166807
5982533
4930613
3417374
2627858
3877925
6246473
7891298
8483435
8483435
8351849
7891298
8351849
8680814
8351849
8812400
9272951
8877678
7495255
5586486
4863533
5193011
4798510
4799280
5852481
6313546
7234648
7037269
5129272
3615519
3483933
3154455
3615006
5522233
5719612
6245956
6311749
5719612
5390649
5719614
6113859
6113859
6771277
6837070
6771279
6376521
5980993
5586235
5520442
5389626
5061172
4403755
4140583
4930099
6574924
8417128
9930367
10719883
11312020
11640985
12035743
12035743
11772571
11640985
11838364
12101282
11772321
11443101
11311515
11574687
12101286
12298665
12035493
11706528
11180182
11640733
12232868
12627626
12890798
12759212
11969696
11180434
8351586
5259312
4075039
4732969
5061934
5785657
6640968
6377796
6048831
6443589
6311749
5653819
5522233
6048577
6245958
5917508
4141612
4800056
5392193
5721158
6773846
8681843
10129289
10655633
9800324
9602945
9208187
8813429
8484464
8352878
8352878
8418671
7826534
7694948
6971225
5721158
4734263
4405298
4536884
4668470
5457986
6313295
7234397
7497569
7497569
7300190
7037018
6773846
6182224
5787466
6182224
7300705
9340288
11116699
9340286
5392706
1839884
1379331
1050368
1116160
1642758
2629653
4077099
5195580
6839893
8879476
9405820
8484718
8089960
7366237
6379342
6181963
4668724
3813415
4010794
4471345
4142380
4273966
4602931
4207403
5653822
8877166
11443093
11574679
11179921
11508886
11574679
11048335
11706265
11508886
11048335
10456198
9864061
9074545
7824478
6706510
5654849
6839893
8879476
9142648
7826787
7300443
6971478
5852997
4997686
4471342
4405549
4800307
4866354
4800561
5853249
7431513
7694432
5325373
4601134
5455929
8810597
11836560
11967116
11901064
11703683
11374718
11834755
12624271
12624787
11703685
9401189
6968133
5785148
3943973
2562320
2891285
4272938
5457212
5851970
5917763
5523005
5325626
5720384
6575693
6904658
6641486
6773072
7233623
9996674
9207160
8088679
7035991
6378061
6180682
6246475
6378061
6049096
5785924
5588545
5588545
5522752
5193787
4601650
3944233
6840150
6971736
7169370
7366749
7498333
7564126
7630173
7630173
7300954
7498335
6445392
4997948
5853259
8747897
10721688
10984860
10130063
9866891
9537926
9537926
10130063
10853786
10985372
10722200
9669512
10195856
10985372
11511716
11248544
9998477
8222066
6971738
5392446
4931377
3944998
3418654
3352863
3550242
3682086
3813674
4076846
7498084
10985372
12564404
12827577
13024956
12630968
12038831
11643303
10261650
9011583
8814203
9274754
9669766
9801352
9932936
9340797
7959144
5985354
4669749
4472370
4735540
4472368
3880747
3025951
2828572
2368019
1775882
1578757
2170379
3091736
3947043
4473387
4867377
5196343
5261625
4866613
4208683
3484962
2958618
2564369
2761748
3156506
3419680
3419680
3419682
3617061
4011564
4472115
5459012
6709081
7432804
7827308
8024687
8156274
8156527
7827300
7564380
7630173
8024677
8353642
8419437
8551536
8946294
10131083
10460048
10525843
9933706
8881277
7828589
6775901
6117458
5722186
5655880
5590085
5721669
5919303
5853508
5590590
5327416
5524795
5393209
5261623
5195832
5327418
5327164
5261371
5195580
5064507
4998459
4866873
4735287
4801080
5327424
6380114
7235423
6774874
6182737
5327428
4801084
4735037
4866623
4998209
5129282
5063232
5129025
5063232
5326404
4800060
3220773
3812910
6576218
8550008
10194833
10523798
9997456
10260628
10260628
9997456
10391442
10259597
10193803
9733253
8812151
7562597
6641495
6114897
5917518
6181462
5457739
4405308
3681585
3747380
4800068
6510686
7761266
10393503
11512497
12499392
12499392
12104634
12038841
12038841
11907255
12170427
11907255
11709876
11775669
11973048
11841462
11315118
10919847
9997975
8681602
7168618
6181721
5458250
5524041
7103072
8945530
9998218
9735046
9406081
9405827
9471620
9537414
9537414
9603207
9011323
8616565
8156014
7958635
7892842
7761256
7629670
7563877
7300705
7103326
6642775
6116431
5787466
5721673
5853259
5919052
7103585
7630699
8616824
9143168
9143168
9011582
9208448
9537413
9603206
9537413
9471363
9405570
9405570
9471363
9602179
9471108
8879486
9011329
9208708
9274755
9208962
9208962
9274755
9406340
9472133
8945789
8222066
7301218
5853772
4274740
3156257
2760986
4865333
6509645
8878195
11246745
12826036
13220794
12365486
11312798
10523796
10984347
11444898
11445153
10853527
9932423
9142905
8682354
9010808
9076601
9010808
8747636
8484464
7826534
6642260
5589572
4931642
4668470
4931642
5721158
5984330
5721158
6050123
6773848
7497831
8813950
10853787
12630197
13683139
14012102
14077893
14078148
12696493
11380633
8946808
6249295
4407092
4209715
5327942
6512216
4670014
3617326
3222566
2893601
2564636
3748396
4932668
4866875
4274225
3616295
3089949
3155485
3550243
4142380
4931895
5524033
7103072
8419446
9998478
10590615
10459029
10195857
9932685
9801099
9603720
9866892
9801099
7827309
5129796
3879729
4669245
6576988
8221302
8221304
8221302
8221302
8221302
8089716
7761005
7497833
7629419
8550521
9997965
10919067
10326930
8550519
6839900
5984845
4405298
3418657
2629141
2629141
3155485
3681829
4076587
4339759
4800310
4734517
4537138
4208173
3813415
3616036
3681829
3813161
2300437
2892574
4537399
7366244
10392722
12103341
12168621
11444898
11115419
10720407
10128270
10128270
9864841
8285555
8153969
10127759
12167853
11971242
11971242
11905449
11379360
10589844
10129293
9997707
10721428
10063498
10458254
10918805
10260875
9076601
6971225
4405811
2433302
2039056
1776399
1842705
1908498
1448460
856839
594180
857352
725253
658692
460800
263424
723715
1973014
3156775
5261635
5590085
6116429
7300703
9011321
10327181
10392976
9866632
9866378
9734792
9603206
9405827
9011070
8945277
9471621
10129551
10327443
10130064
9998478
9998478
10195856
10524821
10722200
10853786
9932938
8551285
6577493
4735289
3419429
3222050
4274738
5524805
6445394
7169117
7563875
7366496
7234910
7300703
6774357
5919048
5392959
5129787
5195580
5787717
6116680
5458750
3945511
2695444
1905928
2958616
4077097
5063992
6314061
7629921
8156265
8024679
7563873
6642771
5655878
5195327
5063741
4668983
3813674
3024158
3616295
4011053
4734776
5326913
5919050
6576980
7563875
8287598
8813942
9011321
8221805
6379601
3682088
1313540
2432021
5919050
7695974
6775642
5853770
4932668
4340531
4077359
4076846
4208432
4800569
4866362
4997435
4931642
4931642
5194814
5918023
6378574
5918791
5392959
4932408
4669236
4537395
4537395
4866360
5326913
4997948
4997948
3418918
2366230
3813676
5326915
5919052
6445142
7892588
7761002
7366244
6642521
6313556
6576728
7103072
7497830
7366244
7563623
7629416
7300451
7037279
7234658
8024174
8813433
9404800
9206908
8680564
8154220
7825255
7825255
8088427
8351599
8614771
9206908
9338494
8746357
8285806
8548978
9075322
9207422
9142145
9076865
8879232
8945025
9800334
10392471
9536905
8089459
4733244
3943982
4141360
4404530
4404271
5062199
5457212
4733487
4733998
4076838
3287322
2497552
2760724
4537137
7497823
9734531
10458256
10589844
11313312
11971244
11773865
10984351
10852765
11379109
11708842
11051682
11249061
11380647
11050912
10327189
7892848
4668732
3681836
3945262
4405552
4997688
5063733
4208422
3616538
3945505
4208172
2760727
1444867
1444867
2365969
3878954
5918537
7629157
7563364
8287087
8221294
6708057
4668474
3352614
3023649
3023649
4340531
5261631
4208943
2103567
1314051
1379846
1906190
2893087
3814189
3287845
3748396
4077107
3748142
4077107
4471865
4011314
4076595
4273974
4537146
4602939
4537145
4471352
4536888
4668474
5259839
4930874
4272944
3812393
4075306
4930615
5456959
5588545
6772049
6969428
6969428
6837842
6837842
6903635
6706256
6443084
7561565
7298393
7364186
7561565
7166807
6377291
5916740
5982787
6705996
6772043
6903629
7035215
7495766
7890524
7824731
7495766
8745833
8614247
8877419
9732728
10588037
10456451
9403763
8285028
7956576
7232854
7364440
7496026
7101268
7693405
8286056
8022884
7694432
8220776
8812913
8615534
7168858
4931896
2563348
1050368
1379844
1709579
1971981
3418914
6181963
7958374
8944499
9996674
8549228
8023397
6971479
6247756
6182220
6906456
7565156
8025707
7301216
7037531
6708566
6642773
6905945
7103324
7037531
6905945
7300703
6905945
6708566
6774359
6905945
6905945
6971738
7169117
6642771
6840150
6708564
6642771
7169115
7366494
5787462
3747879
3813672
3616293
3945258
4405809
3813672
2366226
1576710
1642503
3155231
3944747
4668470
4668470
4471091
4668470
5457986
6247502
7958120
7102811
6050123
5589572
5721158
5786951
5589572
5326400
6050109
5326386
4339491
3681563
3747871
5326905
7760992
9668991
10524558
11314076
11972521
12169646
11972268
11577510
11050912
10655895
10918807
11181463
11444635
11707807
11708321
11642528
11379356
11181977
11050904
11050904
10919831
10788245
10590866
10459280
10459280
10525073
8814455
8551283
8419182
8550510
8944752
8812651
7825240
6706246
5126957
4863785
4600872
4864303
5720384
7233368
8615536
9405566
9998216
9932423
9735044
9274493
8616561
7234908
5195325
3484707
2563860
3155997
4142892
5195580
5985094
6314059
6511438
6576978
7037792
8287860
9669512
10393235
10722200
11182751
11577763
11709349
11511970
10722454
9998729
9406592
8485490
7169630
6051147
5524805
7432802
7564390
7761769
8156527
8880248
9669764
10064522
10064522
9406590
9011832
8485743
8025192
7893606
7959399
8025192
8090985
8616816
8616816
8353644
7629921
6840150
6840150
8090217
9471872
10064009
10590353
10721941
10129804
9603460
9800839
10458769
11050652
11511463
10920098
10656924
10985889
11840682
12301233
12103853
11774375
9866632
8024428
6379088
5458240
4537137
3418656
2958105
3417887
2562067
3285020
4206892
7168090
11247770
13222073
13156793
13222586
13025207
12696242
12037799
11247770
10589326
10391434
10653836
10786192
10063750
9801090
9340539
8287851
6774612
5393472
4998714
5065021
4407091
3946540
3485989
3091744
2762779
2499607
2565400
2828570
3880997
4210217
4801584
5327928
5920065
6117445
5656381
4932660
3616800
3287835
3287322
3484447
3616033
3550240
3681312
3747103
4603435
5063986
5721661
6379593
7037269
7629408
7958374
7958374
7826534
9076601
9340027
8484718
8747889
10261128
10721677
10063233
9931136
10654089
11377812
11640984
11312019
10654089
9930366
9535608
8482920
7890783
7298646
7167060
7364439
7364439
6903888
6377542
6773068
6707275
6575689
6509896
6444616
6444616
6510409
6510409
6116421
5919042
5656383
5327418
4866867
4603695
4932660
5524543
7169115
8024428
7761256
6905947
6182224
4734778
3879469
4405813
5195329
5458501
5590087
5392708
5261122
5261122
5195329
5063743
4142388
4800318
6247764
8089968
9340035
9932172
10326930
10655895
11708583
11642790
11445411
10984860
10392723
9603207
8945277
8550519
7760490
7102560
6773595
6707802
5984079
4470840
3549738
3418152
5194563
5918286
7234146
8813178
10392210
11773863
12760758
13287102
13221311
13221311
13089725
12826553
12497588
12300209
12102830
12102830
12892346
12168623
11379107
11050142
10786970
9536903
7299941
5457735
3813422
5392708
8419186
10590355
10919066
10787480
9997964
8353139
10919067
11642790
11774376
10984860
10326932
9866381
8682107
7300454
6510684
6839649
7168614
6839649
6050133
5523789
5787215
6379352
7234659
7037280
6839901
6708315
6774107
7366244
8287346
9076862
9603207
9603207
9471621
9274242
9076862
9076862
9142655
9274241
9208702
9340288
9471872
9471872
9471872
9340286
9274493
9208702
8682104
8813433
8879226
9076605
9273984
9405568
9405568
9339775
8352880
7629155
5786951
4339505
3747368
3155485
3945001
6050636
8484977
10919320
13090235
13090235
12102828
11247519
10852763
10523798
11378591
11312798
10852246
9865349
9272953
9207158
9470585
9667964
9734015
9470845
8813429
8089706
7102811
6050123
4997948
4405811
4537397
4866362
5327426
5722184
5985356
6314321
6709849
7235939
9208961
11051165
11905961
12300462
14010310
14996946
14469832
13746109
12890800
12167075
8812402
5391677
4537138
5655876
5590596
3682599
4736059
4012336
3287843
3287843
4208945
5064254
5063741
4537397
3353123
3747881
3418403
3352610
3878954
3747368
3944233
4800056
7300705
8880250
10525075
10985626
10524821
10064270
9932684
9998477
10327443
10459029
10129810
8550778
5326921
2497822
3484717
6576988
8616314
8945279
9076865
8747900
8353142
7958384
7497831
7103073
7103072
6708314
8287346
11379617
12564145
10656148
8156014
7103326
6116942
4274738
2893083
2893338
3222301
3288092
3748897
4472620
4933171
5525308
5985605
5985607
5590851
5130045
4669496
4208947
3418664
3550250
3747883
3221539
2102545
2760475
6642260
10918805
12365737
12760495
12826286
11970977
10523018
8943986
7694174
7035989
8944501
11181463
11378329
11641501
11838880
11312536
11969950
12233122
11246226
10785675
10390404
10390404
10653830
10127486
8547941
6772302
3878438
1905675
1247747
2497816
3419177
2827040
1642767
1116169
1577490
1248779
1380364
1380364
788738
788736
1249541
1314823
3549991
4733495
5984332
6905434
7168608
7694952
8813690
9932171
10392723
10195344
9932431
9932431
9866638
9735052
9275271
9142915
9537162
9800334
10129299
10260885
10195092
10063760
10063760
10129551
10458516
11182239
11576997
10787480
8879483
6642521
4602938
3353125
2761501
4143154
5524807
6051151
5919565
5985358
6380116
6643288
6709081
7103839
6774874
5787979
5524807
5787979
5459014
4669498
3418916
2300435
2497814
4011053
4537397
3945260
4405298
5721158
9668224
9734017
9207673
8154985
7167577
6443854
5785924
5194300
4931642
2958365
2037263
3089951
4537397
5392706
6445392
7629666
7498335
7827300
8814195
9208953
8616814
8156263
6445645
3813927
1115648
984064
4536886
7497571
6050125
4734265
4931644
4339507
5786953
6313297
6313297
5721160
5392195
5589574
5523781
5260607
5654848
5852227
5787204
5524032
5326653
5195067
4932408
4669236
4603443
4669236
4867128
5064507
4801335
4406577
4407091
4932921
4800567
6576721
8484718
9471613
9997187
9997187
9273464
8418155
7035989
7496540
7957091
8088677
8088163
7890784
7759198
7627612
7167577
7891813
8878708
9470845
9799297
9733504
9272953
8746609
8022116
8351081
8942961
9535098
9666684
9403512
9074547
9008754
8285290
8482669
8811634
9074806
9337978
9469564
9535357
9535357
9140599
10259080
10653838
9469564
7758946
6443086
5193019
4009515
4207919
4142380
4537137
5260090
5326137
4667694
3680799
3088662
5128247
7826018
9997703
9932171
9472134
9998996
10986150
11512748
11972784
11709866
11840428
12037809
11774639
11379881
11642540
12168884
11905712
11181989
9010561
4668219
1773582
3615784
5654851
4602163
4537138
4537395
4932153
5655876
5919048
5195325
3550502
2234642
4603192
7037533
8484979
7827049
7366244
7695209
7234658
5984845
4603190
4668983
3616295
3089951
4471604
5195327
3550500
1510917
524288
1445379
2892825
4011306
4537648
4406062
4011304
3682339
3090204
3221790
3090204
2498067
2103309
2234895
2563860
2761239
2629653
1642758
2366481
3748134
3879720
3813927
4142892
4142379
5062712
4931126
4865333
5062712
5522750
6049094
6509645
6772817
7759198
7430233
7166548
7166548
7363927
7561306
7429720
7232340
5526334
7631711
10723471
13354423
14143173
13748417
13221564
13089723
13089725
13089725
13024191
12893118
12762300
12697020
12762813
12828604
12762554
12564921
12564151
12761784
13024956
12893370
12366513
11840168
10853273
9800839
8221294
7234399
6773848
5852744
5062714
4668724
5196091
5327675
5525054
5788226
5985605
5919812
5656640
5459261
5196089
5064503
4669745
4077608
3419678
3024920
3156506
3485473
5656389
9143420
12169898
12762035
12499379
12959930
12894137
12170414
11973550
11315620
10789021
11183779
11842479
11776688
10395035
8947072
6446677
6709849
7433318
8749180
10196627
11183268
11446442
11314858
11183272
11314858
11512237
11578028
11446442
11249061
11249315
11380901
11183779
11315365
11118241
9999760
8091250
6117460
4998977
4670012
5590600
7169632
9011321
9603458
9340286
9142907
9406077
9735044
9209215
8683385
8222320
7498597
6840667
6774874
7498082
8221805
7629668
7234908
6774100
6445135
6708306
7366236
8154982
8418925
9142905
8353902
7301216
6511700
6182735
6051149
5919565
5853772
5195842
5393221
5458760
5261381
5064002
5327174
6050898
6708574
8419194
9274503
9998226
10327191
10392984
10524570
10524570
10327191
9800847
9471882
9142917
9142917
9077124
9077124
9340296
9735052
9735305
9735305
8748410
7827308
7629929
7103586
7235172
8419446
9274755
9603466
9800845
9800845
9998224
10458777
10853535
11050401
11708072
11115935
10589591
10721177
11115935
11313314
11379107
11510693
11313314
10984349
10458005
9997454
9602696
9207938
8747387
8549492
8088427
8219497
7956325
7495774
7233372
7891302
9141369
10128264
11904932
12826034
12628655
12102311
12103081
11905702
11774116
12432046
12498352
12300973
12103594
11972008
11972008
12037801
12103081
12037288
11641760
11575967
11444381
11312795
11575710
12102054
12694191
13023156
12693419
11180180
8614253
5916740
3942950
3285020
3483171
3943722
3615016
3943981
5194048
6444115
7957869
10589589
11773863
10852761
6839900
5261381
3945521
3682349
3945522
4603452
5787726
7103586
9011329
10392982
11906223
12629946
12893118
13024704
13287876
13353669
13090495
13419460
13024702
10656154
7169379
4932417
5327175
6906207
8551031
9801098
10787993
10787993
10064524
9538180
9209215
9011836
10195597
10261390
10458769
10392976
10064011
9208702
8221805
7498082
5787464
5261118
4668981
4340016
4340271
5063994
6643026
8090472
9076855
9866371
10195336
9997957
10129543
10261129
9471613
8287339
7300444
6510928
5326654
4537138
4602931
4931896
4800310
4405552
4865335
4470577
4207405
4207405
3944747
3615782
3418403
3418403
3747881
3879467
3682601
3222050
2893085
2827292
2695706
2629400
3550243
4404782
4799540
4273196
3681829
3945001
4405809
4668981
5129532
5853255
5656389
4406322
3551783
4143920
5262401
5985354
5195325
4668983
4076846
4076846
4537397
4866362
4800569
4537397
4142639
3221537
2695193
3353123
4537397
5524292
6050636
6379601
6708566
5919050
4997948
4340018
3682090
3221539
3155746
3353125
3945008
5260868
6905693
7366244
6313557
5326662
5721420
6839903
7761264
8484989
9406089
10261398
11050914
11577258
11577256
11248291
11511463
11379877
11774889
12893370
13748679
13288128
11577509
10064270
9274755
8814204
8156274
7695723
7564137
7629930
7695723
7695723
7629930
7037793
7037793
7827309
8090481
7629930
7432551
7695722
7761256
7761254
7958633
8287598
8419186
8221807
7761256
7432291
7037279
6708314
6181970
5721419
5655627
5918799
6445143
6839643
7101782
7232853
7167060
6970449
6773583
6839376
6971476
7168855
7103577
7169628
6380884
5459530
5262409
5723478
6776168
7959672
7827057
6773856
5786961
5392203
4997445
4471355
4668734
5392457
5853008
5853006
5853006
5853005
5918798
5984591
6050384
6050384
7761515
8880766
9340547
9143168
8748410
7629929
7103072
7892588
9274241
10063757
10589844
10195086
9602949
8616054
6707287
4799031
3153685
3680283
4930350
6180163
7035472
7496025
6312521
4272683
5786437
6180941
5851976
4601911
4734012
5523528
6181458
8220526
7562337
7364186
7364186
7693151
7693151
7430233
7758685
8416614
9995389
11377042
12561316
12824486
12757923
12099993
10586754
8942699
9798780
10786445
12167843
12167843
10194053
7759712
6707026
6970198
11246743
12233638
12167847
10391436
8615025
8088681
8154220
8023147
8747385
8747898
8287347
7497831
7366757
7893101
8024687
7695722
7104353
6841181
6512470
6446677
6644313
6841692
6775899
6643802
5327174
5195588
4998463
4998463
5130049
5195842
5064254
4932668
4537910
4669496
4537908
3682599
2629911
2037774
2169615
2564118
3157027
3749164
4472117
4669496
4603703
4472117
4405811
4274225
4142639
3813674
4207919
5589572
7168604
7629155
7102297
6246986
5589055
4339242
3615519
4734000
6970962
8549994
8944752
8813166
8286822
7760478
7036755
6510411
6641997
7234134
7694685
7760994
7432030
7563616
7826788
8089960
6575950
3286300
2759956
5325883
6641484
7036242
7562070
7364691
6706761
5851452
5259315
4865073
3879207
3484707
3813674
4734776
4866362
4142639
3879469
4142641
4603192
6576982
9142655
10655894
10721687
9997964
9208449
8747898
9537416
9669002
9669002
9471623
9405828
9537414
9537414
9405828
9668999
7366244
5129282
4339766
4142641
4011055
4274227
4931646
5523014
6707288
7036767
6313044
5984334
6313299
5918798
5129282
5261122
5326915
5393219
5393219
4932668
3616808
1577995
262144
262144
591104
1314053
1708811
1577225
1116674
852992
655616
2629400
3287330
4931642
6839639
8221292
8813429
9207673
9536384
9273729
9273731
9273729
9339777
9208189
9208187
9471613
9800577
9274233
7826787
5721411
3550242
2037004
2694680
5852746
9076601
10984598
12103333
11905954
11116184
11379356
11313563
10787219
10853014
10721428
10655635
10129291
9339777
8945019
8484468
7431780
6247506
4536886
4734263
4471091
3352610
1839884
1116161
1445126
2037776
1774604
1379846
1248260
1775374
2828062
3814957
4604473
5130817
4142641
3747883
3616297
4602679
6444883
8023915
8352880
8088938
8023145
6904664
5654597
4338480
4206894
7232602
10588045
11641249
10851734
10456976
9864839
9338495
9075323
9141116
9535874
9864839
9864839
9667460
9535874
9667460
9799046
9733253
9404288
9009530
8877943
9141369
9536127
9799299
9930885
10194057
10588815
10917780
9799299
8022888
6246477
3614757
2430483
3351585
5851719
10062471
10917526
10654354
10325643
9931142
10062982
10787219
10853266
9866371
6642260
7169117
9142909
11050652
11576997
11445670
11445672
11445672
11446440
11314854
11314338
11182752
11116958
11116958
11116699
11116699
11840420
11840418
11840160
11445400
10195333
7827039
5128756
3154968
4276286
4934216
5723732
6052697
6117718
6117718
6315097
6644062
7499113
7696492
5788495
3485740
3485224
4866877
6840667
8748664
10328210
8025968
4867904
5525834
8881277
8354933
4867904
3354665
3946802
4604732
5723213
6841694
6907487
5986385
4867904
4209461
4866875
5129532
5326911
5458497
5853255
6313806
6642771
6708564
7169115
7695459
8748147
9735042
10327179
10458765
10524558
10656144
10327434
9998467
9866881
10195846
10459018
10261639
9932674
9801088
9537916
10261639
10524811
10393225
10393225
10130053
8551021
6708304
5325624
5193268
5193268
5653819
6245956
6640714
6772300
6772302
6509130
6903889
7298647
7430233
7232854
6903635
6706256
6574924
8153955
9798778
12102303
14339265
15655127
15457748
13878973
12431527
12958642
12892849
12695727
12695727
12696242
12893621
12959414
13090487
12826802
12497323
12234665
11050391
8813429
7234651
5919048
4340016
2629398
2498067
3222303
4669747
5261884
4735540
4209966
4472366
5129777
6050107
6905416
7168590
6643016
6182467
6050626
6116421
5261625
4603441
4274991
4537908
4669494
4472115
4669496
5130049
6511449
9537673
12629944
13420230
12696507
12104370
12433335
12960192
12828606
11974067
11579309
11645102
11447723
10197656
8355452
7039338
7105133
7170926
7565684
8420993
9473681
10394783
10789541
10855334
11184299
10986920
10723748
10460576
10131611
9473681
8684165
8157821
8157819
6908006
5328974
4013114
2959656
2630691
3946551
5657169
6906723
8288376
9735822
10064787
9603466
8879743
8353399
8090227
6841184
4802113
2433565
986119
525056
722434
1248778
1775122
3484970
4142900
4997696
5195075
4866110
4866110
5655626
6510935
7037279
7695463
8419186
8550772
7827049
6774361
5984845
5721673
5524294
6182224
6971740
7563877
7629670
7366498
7103326
7037279
6971487
7037282
7234661
7563626
7958384
8024177
7695212
7300454
6708317
6510938
6839903
7497833
7892591
7497833
6839903
6445145
7826283
9076605
9536901
8221041
6707802
6707802
7957871
9010559
10918556
11379107
11642281
11576488
11379109
11247523
11115683
10918558
10590104
10063758
9537414
9537414
10261137
11248032
12300207
12760758
12036521
12102314
11641763
10983833
11049113
10983320
9535874
7693670
4074285
2758425
3153183
5126973
5258559
3613734
3351332
4798778
8023148
10720661
13089209
13352381
12431793
11773863
11313312
10786968
11050395
11905702
12103081
12037288
12366253
12432046
12300460
12563632
12432046
12826804
13024183
12695218
11905702
11379358
11379358
11642528
11906211
11972259
11643039
10524558
8485488
6445905
5130047
4603703
2433304
2696476
3551531
4735805
5460041
5591627
5394250
5393737
5459014
7169632
7498343
6248276
4538429
2959397
2695971
3946038
7630961
9604497
11710645
12697285
12697287
12763080
13157838
13683666
13025476
12564153
12695739
12432567
12037809
12169395
9998224
5919058
4800831
6248277
7827309
9208962
10853786
12367025
12827576
12432818
12629938
12103594
11445664
10853527
10064011
8879737
7629668
6840152
5919050
5590083
4537395
3353121
3353376
5195580
7827300
9603456
9339773
9010810
8616052
8418673
8616052
8813431
8813431
8681845
8418673
8221294
7958122
7958122
8352880
9010810
9471361
9537152
8616816
5393470
2169613
1182720
1840650
2761752
3682854
4340784
4274736
4669494
5064252
5261631
5327426
5195840
4932668
4669496
5524805
4735289
4143152
3945773
3814185
3616806
3879465
4208430
4076586
5063481
5787204
6839892
7957857
6707790
4668207
3879207
4800567
4603703
4011566
3024671
1971983
1182467
656128
458752
853250
1511180
2103317
1971731
1379595
919044
984837
1313288
1313029
1444615
1510921
1510921
1445641
1248776
1249289
1118219
2302493
2959654
2433053
2892834
4800318
4997699
3944498
3812912
4799039
5325383
5983313
6838622
8220275
9404549
9207170
8220275
7693931
8680826
9930893
10720409
10983581
11115167
11115167
11049374
10721177
9865866
9668487
9997452
9536901
8418420
8221041
8878971
11379105
12629172
13287102
12694965
12234414
12168621
11576484
10655382
8550006
9076350
9668487
9997452
9734535
9142398
8550261
8221296
8813431
8484466
7760741
6773846
6115916
5392193
4076333
2760473
2432023
2432023
2563609
2892572
3287583
3484960
3419421
3287835
2761491
3616800
4340523
4208937
3616546
3024411
2761239
2695193
2103317
1971732
5458761
8879997
10854303
12235958
11972788
11841202
12630977
12302012
11513011
11118253
11249841
11710392
11907773
11841978
13025736
12302013
11051946
10130843
10064537
9735826
7959415
6051416
7037539
9472134
9208449
6839900
6774107
8353393
9011323
8879483
9735306
10525338
9670283
9736075
10985626
8485490
5655876
6445647
8419435
7300954
7826787
8155752
6049607
3615268
3286049
3615786
2827041
4734784
8419192
7432297
10064017
10721690
9866379
7234146
3813165
3747372
2365719
1049089
2035982
4536116
5194046
4075819
3550500
3747879
4011051
4274223
4668981
4668983
3879467
2958367
3287332
2958113
3023906
3287078
3747630
5392455
7892589
9603207
11181211
11114905
10851733
10391182
9667713
8878197
8286058
8088679
7496542
7035991
6641231
6707024
6838865
6838865
6707279
6510157
4602931
3879465
3221535
3024156
2958363
3484707
4932153
6379599
6050634
6182220
5787462
5787462
7629666
10064007
10458765
9340284
5919303
4471342
3879205
4602928
4800309
4076586
4273965
5260860
5984584
5655619
4865849
3878954
3418403
3747368
4536884
5194814
6576721
7365466
6641744
5589056
5325884
4996919
5260093
6444367
7957606
9076087
9733763
9404798
9141626
9404798
9470593
9141628
8023915
6247502
5523779
5852744
6313295
7365983
7760741
6971225
6379088
5063228
3352610
3023645
4800056
7102811
7694948
7102297
8022370
7956064
7495513
6245959
4666927
3614239
3680032
4206890
6049094
6904916
6312779
5260091
5128505
4273196
2694164
1642505
262144
1840916
4735038
7695210
9471363
10194316
10654354
11114905
9930115
8087911
6707028
6049098
5260093
5457472
5457986
4734263
3681829
4537138
5524033
6181963
6575951
6641744
6575951
6444365
6378059
6246473
6180680
6180680
5653822
4403755
3153688
2495758
2957078
3154457
3351836
3417629
3483422
3615008
3878180
4075559
3812387
3483422
2891285
2693906
2430734
1509632
2430734
5259064
7956066
9403512
10259078
9799297
9141880
9142394
9340284
9471870
10064262
10393227
9076854
6444364
5194038
6114370
7035215
6838093
4997172
2760724
2168587
3089689
4866102
8550510
12037539
12827055
12037540
11642782
11247770
11050391
10853012
10721426
11050391
11510942
10853014
12366253
12497837
9668738
5984584
4273965
4800307
5853249
3287322
1839622
918528
1181696
1313027
1115648
1510408
2365715
4472384
5261900
6577760
7893620
8814722
9275273
9341066
9275273
9143687
9143687
9143687
9143687
9077894
9077894
9012101
9012099
8748410
8288113
7301218
6051151
4801084
4537912
5393221
6511702
8814457
10196110
11511970
11577763
10590868
9406594
8485492
8024687
7038562
8946560
11973038
14407378
14933722
13552069
11644072
10394003
7367525
6380884
5328196
4999231
4933438
4933436
4867643
4867643
4078129
3683371
3090462
2169102
1642243
1708290
2562827
3220757
3549722
3615515
3550494
3616546
3814440
4736057
6578263
8091761
9540236
10592924
11645099
11776685
11316135
10855584
10723228
10591642
10986400
11249572
11644073
11775659
11578280
11445670
11248291
11051682
11184551
11053222
11052965
11381928
12170674
12565687
12170668
11511966
9801090
8353129
6707788
5589048
5128496
4931117
5062187
5062703
5393209
6446156
7235672
8551532
10525324
11380633
11578012
12301735
12170151
11906979
11577759
11117208
10459278
9538176
8551281
8024939
7498084
7695209
7892588
8024174
8090221
8221807
8484979
8616565
8879735
8879735
8879733
8682354
8221803
7498080
6708564
6051402
5790025
5067072
5001022
5790538
6908765
7698281
8092782
8224368
8092527
8092527
8157552
8025966
8025966
8091759
8157295
8157295
8026220
7763048
7302497
6512981
5723465
5131328
4802363
4736570
5526086
7039325
8223599
8552564
8815736
9144701
8552564
7565669
6974561
6185045
5131842
4407604
4144173
4472368
4998453
5392698
4800561
4997940
5195065
5392957
5656131
5919561
6183505
6446425
7104104
7762036
8748159
9340296
9471880
9340294
9471621
9669000
9340034
8813690
8089708
7037020
6050123
5326400
5260091
5457470
7234397
8287085
10260877
12563634
14405583
14997722
14668759
14076622
13945036
12563383
10721177
9142143
7958124
6839641
5589572
4668470
4537399
5261122
6511189
7761256
8287600
7827049
6708568
5721673
3813676
3945262
4208434
4471606
4734778
5129536
5721673
6248017
7892327
8353132
8813683
9076855
9142648
9076855
8945269
8813683
9011061
8945268
9076854
9274233
9603198
9734784
9734784
9603199
9011321
8419186
7563877
6511189
5326661
4537145
4339766
4602938
5787213
6905694
8418935
9866381
11116448
11905964
12037550
11774635
10920096
9802128
8288889
7170408
6643805
6380633
6117461
5920082
6182483
6445655
6839900
6971486
7037533
7300705
7761256
8221553
7827309
7629930
7564136
7629929
7629929
7498343
7498597
7695976
8222320
8222320
8156525
8024939
7827560
7432802
7038042
6774872
7235425
6906460
6380116
5853772
5393221
5064256
4866877
4735291
5327428
4406326
5064256
6445909
7169632
8288113
9472387
9735559
8813690
7958381
6840154
6050638
5787466
6116431
6971738
7695461
8353391
8484977
8748147
8945526
9077112
8879733
8551023
8287596
8156012
8353391
8419184
8353391
8419184
8419184
8090219
7695461
6313808
5524292
4537397
4208432
4405811
4734776
4800569
4668983
5984845
5260868
4273973
3418664
2760988
2629402
3089953
3682090
4537397
3813674
2892570
2168847
1708296
1774089
2629398
3484707
4997950
5786955
6510678
6708057
6708057
6708057
6576471
6379092
3813165
3023649
2234133
2036754
2628891
3747372
5260611
6379088
8089959
9208440
9997957
9800324
9537154
9339777
8615799
7760490
6181460
6115667
6181458
6444630
6708057
6642264
6247504
5852746
6247506
5852493
5194563
4602426
4405047
4931391
5918286
6642009
8023662
8418420
8944764
9339522
9405315
9207936
8878971
8616054
9010810
8089708
6839641
5655367
4931642
4603190
4537397
4471604
4669494
4866873
4932921
4538163
3420196
2433301
1709832
1380613
1050880
1510919
2563607
3879467
5261122
7103326
9603460
11643043
12103340
11971754
11379617
10195343
8813691
7432038
6050385
5063490
6445655
6380632
6775391
7170149
7103586
6511449
6116437
6247766
7168868
8945279
10984351
11773867
11510695
10984351
10786718
10852765
10786970
10458005
10260626
10458005
10721175
10194831
8681592
7299939
5655369
4536888
4010544
5194818
7694950
10260877
12103081
12893110
12893369
12565174
12367796
12302003
12367026
12103854
11840171
11576999
11313827
11708585
12168625
12234418
12233648
12036269
12102064
12233650
11576488
11445159
11445159
11510952
11445159
11313827
11116448
11050653
10787481
10261136
8616311
6247763
4471352
3879469
3879469
3813935
3880245
3420209
3946553
5328206
6446687
7038824
8025719
9078407
8683649
5854550
3946553
4999241
7367789
8946821
9538958
9933201
9668489
9207422
7892331
6708055
6050123
5852998
5590338
5261373
3419167
2892823
2564373
3156510
4537908
6182733
7565158
8551285
9011070
9142658
9274244
9340037
9471623
9669002
9997967
10261139
10261139
10063760
9800588
9537416
9471623
9340037
9142658
8945277
9866378
9406081
8813944
8287598
7366494
5721924
3813927
2563860
919040
1576965
3024411
5129532
6971738
7958635
8221807
8221294
7431262
6115402
5127994
5588545
7101782
8549228
9601402
9996160
9601401
9667194
9732728
9732728
9601142
9469556
9469043
9337457
9272177
9469556
9140591
8614247
8745833
9403763
9469556
9009005
7824731
7561559
7824731
8548454
8680040
7824731
6969422
6574921
7496791
8878957
10392966
10985103
10261380
8748141
6972243
5853762
4143144
2498319
1709060
1774853
1709060
2169611
2367760
1775623
2433812
3223330
3223330
2368021
2302228
3288610
3485989
3090717
2827545
3551268
3288096
3419169
5261373
7037784
8419437
9735042
9932684
9998224
10129810
10195603
10195603
10129810
10064017
9998224
9603466
9077122
8813950
8682364
7827055
6511195
5787472
5787472
6840160
7827055
8616571
8682364
8550778
8484985
8090227
7629676
8090227
7958641
7761262
7432297
7169125
6445402
5063749
3879729
4143670
4209974
4012595
3354665
2630429
2104085
1906706
1972499
1708813
1379848
1181956
1313542
1839886
2300437
2563609
2563609
2760473
5721412
9932164
12037540
12102563
12431528
12694700
12036770
11312534
10588811
10851469
10654090
9535609
8877679
8482921
7496026
7759198
9732988
11575192
12035743
11706778
11377813
10983055
10456711
10193539
10390918
10522504
10127746
9009265
7956577
7759198
8153955
9535606
10390658
10785416
9732985
7627609
5785407
5127477
5128247
2299148
1509890
1180928
1312513
1115136
983552
1773064
3023131
3022616
3088664
3943973
5457212
6049607
5654851
4930874
4667702
6379092
7826538
9274242
9800586
9603209
9405830
9339783
9339783
9405576
9866127
10260885
10392471
10458264
10524057
10392725
10129553
10195344
10392723
10326930
9932172
9537413
9208448
8813690
8418932
7103326
5458501
3879469
3747883
4668985
5655880
6248017
6445396
5063743
4932157
4800571
4603192
4142641
3682090
3616297
