169345
162771
161126
167705
177574
170995
144678
118361
118361
121650
139743
164416
180864
180864
172640
167712
141388
131519
124933
131513
147967
162771
169344
167699
151264
129881
100287
92063
111796
156211
203911
235169
256552
246683
218721
182535
151283
133190
121676
113452
123315
131539
141408
147987
151277
156211
162790
169370
161146
167725
164442
147993
121682
100300
90437
87143
80576
78931
75648
74003
69075
70720
75661
83872
103591
106879
106873
100293
90424
82195
77261
77261
77261
108513
154573
195693
218721
230235
236807
241729
241691
205492
175885
152857
129842
144646
161113
154534
126578
100261
80543
88762
108500
141414
195693
248315
287784
297634
300924
292700
277915
272981
281205
289429
296008
300943
277915
225281
182522
166074
149625
129887
128217
116703
92037
67360
42700
32844
41075
52589
82196
87130
92052
95335
96960
96954
100224
96972
93716
82228
78938
75648
72346
70701
85504
101953
187469
218721
245025
240091
223643
218708
226932
236788
235124
236769
236788
235144
231854
228564
230222
235156
233512
217063
190759
166086
147993
141414
139789
146355
157849
179213
194010
194010
192365
189069
166029
136415
118322
124902
141337
164365
187392
203840
212052
213697
216999
230158
246612
264706
276239
291042
304207
314076
302581
302581
300943
300956
299330
299330
302620
309180
304239
300949
291080
259835
205562
139769
83838
50944
70668
83827
101920
113439
113426
108491
116715
131519
166035
212084
244980
238401
231822
241690
244980
235111
243335
226887
205504
190701
174253
146291
108460
75582
29555
34502
50950
67398
73978
67392
62457
64096
82183
87117
93696
98631
96986
92052
85472
78906
70688
82202
98650
110164
105234
90431
78912
77267
69043
72333
72333
69043
65754
73978
92071
105249
138163
138156
134867
128288
128281
134854
151289
162790
172647
213748
256513
281173
291042
300892
305826
304188
312412
309122
302543
300898
300892
305826
309116
312405
305826
304181
304181
309116
304188
279515
240039
208794
159462
139724
118342
115052
123276
133145
134790
133145
179200
202228
212097
187424
144652
128204
146297
170976
149574
156160
161094
161094
156160
151225
147936
147936
151225
174253
207149
233466
249915
251559
238401
221953
192346
144652
93663
75565
92007
121613
151219
169305
193971
197261
198899
195610
190662
184083
180794
177517
179174
185766
198925
212084
212084
184122
131487
85432
52531
60755
75552
93645
108448
115033
110098
101874
96946
96941
85427
85427
115034
152870
179187
193984
202208
218657
238388
249902
251547
244968
238388
233467
226913
223636
225281
228571
233505
238440
243368
243368
241704
244993
246644
249934
259790
263080
253211
243329
175878
141337
151206
197261
228513
249896
258120
243316
218650
203847
185754
174240
164371
146278
123250
105170
90386
95315
139706
207130
243284
244903
259694
295867
290932
287662
295893
292635
246612
172614
115064
88773
154568
184179
167731
131545
131539
139763
143040
151264
166048
164403
161114
157824
154521
151232
149587
152864
141337
177530
164377
129855
139731
143040
106866
72325
75616
73971
88762
124948
164416
169351
143020
108479
75602
49293
62451
88768
83834
75610
70688
57530
75635
106887
121695
131564
143085
129926
111833
118412
149645
169383
194036
202266
200622
195693
187456
177594
146342
121670
95340
77242
73952
88756
121633
149600
157837
144678
93689
36115
29536
55853
54214
22963
32832
90400
139745
156198
169357
179226
152909
110143
90418
129883
190746
223643
197325
147981
133177
149625
90412
62445
73959
85472
49280
31187
34477
22963
78893
101908
129875
144678
138099
118361
101913
93689
124935
103564
78892
77242
105204
139750
156198
156198
143040
131507
116703
108479
100255
90405
95335
105204
123315
120025
111801
95365
75623
59174
49305
47641
80512
103527
159456
195642
177555
162752
161114
152889
157837
156192
138112
121663
113439
110150
138112
187456
162790
138118
111801
103577
115090
123315
120025
111801
103577
121670
143052
164435
182528
192397
190752
180883
198983
197357
195693
177600
149638
124966
121663
128243
120019
113439
118367
136460
151264
152909
146310
138086
108498
87122
118369
190746
213774
175943
164429
192391
189101
189101
190746
192391
200615
205549
198970
189095
175917
170982
162778
162778
167712
171002
171008
171008
177587
182522
184180
179245
164442
144704
126624
120025
106860
100281
121663
146336
147981
159494
169363
157850
138112
128243
116729
105215
92057
82183
85472
93697
116724
113446
106860
108505
118374
120019
103570
80543
85472
96986
115079
133177
149626
159494
161133
161127
151238
119987
88748
78874
64083
46003
46022
62471
64115
77274
101934
128243
147968
152902
152889
147955
141363
161082
174240
180819
192327
202196
192327
174234
197261
203841
207130
207130
210426
215361
213716
207137
184109
193978
185754
177530
169306
141344
139699
177530
202202
220295
231809
233454
235099
226875
185754
136422
41048
21318
11468
16384
31187
45990
62439
75597
83828
65735
62445
45997
27904
77248
174293
236801
279567
279567
256539
258184
277922
225287
120019
59160
69024
75604
49286
32838
72314
141397
225287
299305
300962
282869
277935
281224
268066
240104
233524
246683
233524
243393
253262
268066
261486
226945
241748
309174
264744
256520
256520
266389
263099
225268
161120
111775
110131
190727
297641
358499
337116
264744
195662
162765
217026
217031
189069
164397
161107
144665
128217
139718
110111
128191
152864
179181
192339
180819
147923
118310
64024
64019
68960
82119
100212
129823
172595
205492
246612
264705
277858
272923
254830
240027
230151
221959
203892
195681
187456
187456
192391
198970
202260
202260
197332
179239
159501
151277
147987
147987
152921
159501
129888
136467
129888
98636
65741
55872
67386
80544
88768
96992
113441
131539
144704
141414
128255
115090
106879
110182
121676
128256
141420
154579
162790
161146
152921
147987
156198
177581
202260
221998
240071
249940
218708
197325
169363
149625
147980
157849
174298
184167
192391
180877
154560
120018
95346
101920
131532
164409
175917
170963
157804
146291
136441
129862
126572
123276
123289
134803
146316
146316
139750
141395
143040
144685
194023
207182
223630
241723
254881
256526
238433
217051
184154
164416
143040
131526
124947
124947
133171
143040
128236
138105
147974
156198
166067
171002
164435
154566
154573
136486
120044
106885
82226
57549
46035
52595
77255
80544
87130
95354
100288
98649
95341
92051
80518
80518
77235
67366
72288
103540
152889
194010
230177
230177
231822
235111
231841
223617
208813
197299
182509
170995
166061
152902
115090
75614
67385
85472
144667
195661
254869
286120
291055
289410
291055
292700
276251
277896
279541
277896
258158
221972
180845
154534
129900
120044
105241
88792
70694
46035
27942
14790
23014
21369
27948
42765
57568
62503
64141
65792
93729
105229
103609
93740
85517
88807
93761
98695
124993
141433
157862
172653
210471
256513
266370
248283
240078
235150
230216
226926
228571
235150
245019
249953
231860
236795
240085
238440
231860
226926
225281
228564
208813
200576
190708
189063
197287
208788
205498
197274
177536
170944
159430
147904
136390
144614
177510
210407
231790
230158
228513
225230
228519
241678
263061
276232
318998
314063
309129
302556
300911
299266
297622
297621
282824
294338
304207
305852
300917
291048
271311
253211
195642
136415
92005
75558
72269
93645
110099
98597
103539
108479
106815
110104
149567
207136
243310
246599
215335
213690
235054
261371
259713
221882
193907
187341
164358
131474
93643
77190
85414
110087
128198
138067
151238
144659
133145
116697
100255
98610
106829
116710
144659
139724
126566
110117
100248
96959
88730
80506
72282
64057
49254
39385
42675
47609
41030
31161
62413
77216
101888
129855
151238
156173
143014
128211
100249
123270
128204
143008
189063
226894
246632
268027
274619
266395
264750
272975
281199
282844
284488
287778
266389
268034
268034
266389
266389
266389
269679
272968
287759
300905
312425
315714
310786
287759
244993
205524
121637
93675
80512
92026
100250
106834
133151
167693
182496
177562
169337
162758
161120
162765
156185
147961
152909
147974
129881
103564
83839
95348
128244
157856
212135
231873
248321
246676
233505
215412
197325
182522
156185
118354
78878
73939
100250
131506
157824
172627
182503
190727
197319
197319
190740
184160
177594
177594
179239
215425
236820
231886
182541
90431
26297
31225
16422
27936
46016
49305
36147
26278
31200
42720
88775
101933
121663
141401
162784
180883
195667
200596
210452
213741
212097
208807
208813
212103
207169
200589
240084
253243
264763
274632
276277
268053
248315
226932
212122
225281
230215
238439
268046
282856
233511
164429
96991
110145
164429
213773
226932
230228
222004
194042
190727
179213
157849
138111
111801
78904
49292
32844
72301
131502
193997
215354
218631
238356
282747
318914
325480
304097
304117
320571
256436
110072
54174
108474
129874
139737
141401
131526
115078
113433
131507
151238
172602
175891
179181
175891
162733
146284
131500
129855
139731
174272
152889
134796
80530
121646
118361
116716
131532
105215
83832
87117
106855
118374
118374
111794
90412
72314
60800
75603
93697
88762
85472
98631
110145
126598
146336
151270
139750
124947
126592
134816
167712
166067
171002
184160
197325
200615
197325
192391
171002
151264
100274
50929
65709
129857
184141
200589
147948
77221
65702
98599
98580
88711
90355
83776
44313
62406
108461
151232
138073
88728
70630
87079
208796
263080
289397
263080
246632
258145
254856
230183
205498
170957
141350
106809
77202
77197
72262
41011
42656
88711
128186
129836
111743
98584
88711
77197
95290
93645
83776
115028
187405
212077
180826
154508
149574
139705
149574
147929
116678
105164
108453
96959
100250
110143
105209
96985
88756
57504
44339
67367
73946
105198
162771
182509
152902
139744
149613
147968
152909
154553
139750
118367
123302
151264
167712
167712
141395
128236
108492
101913
115071
126585
116716
98623
83828
136462
194036
217063
205550
189101
187456
194036
215425
187463
162790
144697
123315
103577
110156
131539
185812
208839
197325
172653
194036
217063
177587
116729
69029
118369
195681
220353
180877
159494
174298
182522
197325
197325
194036
190746
192391
195681
189101
179232
185812
164429
156205
166074
175943
175943
182522
197325
179219
170995
161126
147968
128230
105202
95333
95329
118356
121651
128230
138099
149613
154547
154547
152902
151264
128236
90412
62445
60800
80538
98637
105217
121670
83839
149621
124953
108505
108505
41061
85466
205545
198970
189101
187456
195681
182522
124953
64095
67386
69030
62451
49293
44358
59161
87124
113428
166048
170970
172615
170970
170970
172615
175904
180839
182477
189056
187412
177543
169319
174253
187412
197293
87116
62438
37766
26252
18041
14752
27910
44358
9830
21344
27936
27936
27936
34515
44384
47673
49286
90407
69024
11468
9830
78906
167720
238453
282876
296034
302614
297673
287817
287810
292745
296041
286191
284546
281257
282902
287830
291119
292764
292764
284540
258223
225326
208878
208884
222043
233557
241787
246722
245077
215470
189153
169421
110207
47685
27948
41094
39449
55904
101959
159513
190765
185831
166112
129932
77311
46054
52634
55917
47693
72346
110177
164448
177607
195700
205569
208846
198977
187463
175968
171047
157907
136525
113497
101983
97049
92090
82221
82215
73991
69056
77280
101933
141414
190759
231867
241710
248276
246632
231828
210452
189069
170976
156173
134809
124940
110137
93695
75610
65741
65747
69037
78912
93716
106861
101919
85452
65696
59104
59104
78842
60749
50893
62419
80531
101921
129900
154573
179239
169370
162790
157856
136473
103577
80543
75603
57510
75603
103565
126598
134822
134822
133177
134822
169376
205562
236814
241748
241748
248328
245038
233524
223655
213787
195693
175956
154566
133184
113446
100294
106866
108511
120025
144697
171015
189108
197332
198977
197325
187456
174298
164429
169363
190746
223643
246683
253282
264802
279605
294409
309206
292757
233544
171040
123327
123327
124972
123327
111807
90424
73971
67392
67392
72326
83840
101933
126610
154572
175955
189114
154572
156217
154572
151283
151283
152928
147993
139775
88779
80557
78912
83846
87136
85491
83846
85491
75622
77267
80557
80557
78912
73977
67398
64102
57529
69043
90419
115092
143059
172666
200621
218714
235163
230228
222010
198983
159507
126610
129906
151283
154573
141408
128249
124959
126604
133183
147987
161146
157856
166074
182522
210484
238446
259829
269698
272987
259842
269698
266408
253237
251592
259803
249934
231828
174259
172627
164403
141395
116735
88786
57549
34521
18086
19731
32889
49337
55910
57555
70714
88807
83872
75648
83872
108545
126643
126643
121708
123340
113452
92057
72314
78893
113434
159494
207182
235144
231835
225255
218676
217031
221953
221953
218663
215374
207156
198932
175904
133139
78859
31155
18022
18022
19660
27865
32806
34451
39385
49254
55833
54189
55814
54169
54169
57459
54169
52524
57459
67328
111738
139699
179175
208781
220295
218650
208781
195642
179219
133177
151270
220347
276271
319036
323964
287778
300937
307516
310806
305871
299298
294364
289429
282850
291074
269691
233512
187456
139756
96997
70662
59155
90387
100256
105196
100261
101893
124921
166042
198944
218695
223636
225281
217063
207194
202260
197313
190733
187431
198944
207169
210458
212097
207162
192359
174266
170982
124927
62443
27897
18028
21331
29555
32857
21363
27942
24659
9856
1651
14809
32915
46061
52627
59206
59206
49337
46048
50982
55917
54272
82228
77293
80583
87162
82228
69069
72359
90439
118382
151283
231880
236814
167731
149638
149638
121676
9835
19692
39430
64103
100289
146349
198983
236814
254888
274626
291074
299298
304233
312457
320687
323977
289436
261474
225287
190746
151277
121670
116735
129894
149619
129881
106853
103564
110143
113433
103564
92050
88756
52569
26252
26252
27897
34476
69018
111789
152902
161120
161120
159468
175917
197299
195648
177555
152883
141363
154521
175904
187412
210439
215374
187424
169357
147987
136473
141408
152909
159488
164422
169357
174278
180858
190727
194016
190714
180845
172621
169331
170982
187431
197313
187444
157837
123295
96991
87117
62445
96986
182530
266421
302607
315766
310850
289448
271342
264763
223643
151270
87122
54221
65734
96986
162779
179232
198970
208839
205549
203905
213774
226932
238459
228609
213786
203918
225300
256552
254894
228577
222004
218714
217057
218702
220346
217057
212109
203879
215412
253249
243380
151270
49297
19686
55872
96993
169365
195687
225300
233524
215431
189114
171021
167731
144716
151296
149651
64120
44364
184162
309154
264744
119993
88722
90349
124890
133113
115020
144607
193978
203885
144684
128236
134816
116722
123302
149619
149619
131532
126598
129887
136467
128242
113439
115084
128242
121676
121676
92069
83840
93709
85485
101933
138118
172659
126604
95353
98637
98637
90413
106861
141395
134796
203873
177549
70635
67354
169333
187431
111769
108492
92044
110145
147981
175943
203905
215412
197319
198964
195674
194036
195681
194036
189101
182522
177587
187456
184167
164429
128243
96991
82183
80544
83821
96961
62419
41049
60787
95329
123291
149625
172653
143046
144691
128256
110162
124966
161152
175975
174311
151270
161139
180877
192391
174298
121663
64095
31193
36128
34483
42707
62445
82183
100276
124953
147981
159482
187444
192378
172640
179219
212116
223630
207182
200602
175930
159482
166061
175930
169351
152902
139744
118367
110156
95340
70669
54221
62445
90400
115073
85477
115079
123289
103551
96965
96960
92013
88724
83776
118318
156153
174246
170970
167680
162746
159456
166048
161114
156179
147955
129881
106854
88760
78887
108493
159488
182515
159488
139750
134816
129881
124947
118367
110143
92050
70663
59149
57504
55859
50925
116724
133177
152915
174298
200615
203905
162784
110150
70668
59149
64083
95335
133166
157843
171002
177581
159488
147974
136461
131526
128237
128236
139744
152902
189076
197300
207169
210458
207162
202228
202228
202228
175923
161120
146331
143052
128249
98642
73977
67398
69043
69037
62470
54240
47661
52595
62477
77261
103572
105221
106866
108511
100287
80549
60819
47661
62477
62477
62477
59187
54266
47686
41107
37817
44384
55898
77280
108532
144717
177613
197351
203930
200641
213799
185837
134848
95372
65760
67405
103591
149632
179226
192385
180871
179220
195668
203892
195668
220321
184135
170976
187424
190708
172615
184128
215393
215406
200602
184154
172640
175930
189095
203898
213767
235150
195674
133171
77247
44345
39417
52576
62457
42726
42726
42726
42726
41088
39430
37792
36147
75610
80544
90407
100256
87103
72288
77223
90394
179228
243394
287804
297673
307542
297673
276303
274652
281250
284540
289475
291119
287836
287836
291126
294409
302607
289449
266421
243394
226952
220372
220379
223669
240123
243426
243432
235208
222049
200673
167776
139821
39474
24665
23021
44403
75655
98682
111841
120070
149677
143098
108556
62501
50983
72365
83879
77287
108526
152922
187463
200622
210497
223655
213787
190759
180890
174311
166086
157862
146349
124966
98649
78906
85466
80532
75597
77242
80532
95335
123297
147981
189101
220353
240091
230222
212129
200615
185812
166074
154560
136467
128243
131532
120019
90412
67379
62445
87117
83828
80538
77248
70669
57510
44352
36128
37785
37785
34496
32851
39436
59174
83847
100295
131551
143065
156224
159514
157862
149638
133190
116742
75608
62445
52576
60800
80538
101921
121663
134822
134822
144691
164429
190746
217063
230222
231867
228577
243374
240084
230215
215412
195674
175936
159482
149613
123295
101913
85465
88749
111777
136454
154547
166042
198938
200583
203872
202228
192372
182496
177581
180871
189108
233524
271375
286178
299343
317436
319081
305916
279579
225287
151270
108505
111794
129888
128243
115084
96991
83828
73965
69030
69030
75610
96993
118375
146355
162803
171027
159507
146349
143059
147994
149638
156218
147994
124966
90425
65747
62464
72333
80557
95360
95360
95361
92071
87136
78912
70682
65747
77261
80551
80551
70682
59168
72327
113447
154573
189101
218708
238446
236801
230222
223643
202260
175943
151270
147981
152915
159494
154560
136467
118374
113433
149600
157811
156166
143008
138073
162746
208801
246632
277883
289397
286107
269659
266363
277877
282811
276245
251592
241729
231841
218682
203866
177549
146284
119967
98597
98592
92026
72307
42707
26272
37805
62477
77267
78899
82183
82183
78893
82183
101921
124953
128243
133177
131532
121663
120019
118374
100274
77247
101902
134803
195661
259810
282837
261454
230203
215399
215399
226913
240072
246651
241717
218689
180858
147962
111795
75608
32838
14745
21324
36128
47641
50931
13107
27904
44358
49293
41068
31200
27910
29555
37779
42700
50905
59129
80506
121607
170944
203840
202196
208775
212071
218670
197300
138086
121651
164442
223668
279605
330588
335523
309206
291113
287817
289462
277948
282882
286178
291113
292757
292764
287829
284533
254894
187463
106866
62443
60800
77248
88768
96973
95328
96960
115053
152883
190714
221946
240039
248276
248276
233473
221959
212090
189063
170950
175885
195616
212065
218644
221934
216986
203828
184090
154483
128179
67327
41017
27859
34438
39385
36096
37740
45965
37760
29536
19680
24614
44352
65734
77248
78893
77267
67411
64109
64109
70688
73978
73965
72320
59162
75610
88756
100269
101919
92050
110119
146329
175936
143053
147987
146342
98642
69031
69031
57517
85479
105217
146342
197332
236808
259835
271349
276284
271368
282882
289442
296021
307535
300956
287784
289429
291080
246670
179220
129875
124940
139744
138086
118348
103532
118335
129849
131494
131507
124927
96965
64064
39411
21318
36121
54214
50931
78893
139752
179232
180877
164429
179226
197300
190714
190695
185754
162713
193946
174208
180800
205473
221927
235099
210439
159450
128217
141395
167712
167712
154534
169338
180851
159469
182483
180839
184115
190695
197274
200564
195629
190688
195623
200557
197268
174240
136409
98578
73920
68986
134785
220321
295983
300917
261461
238433
238433
243368
220327
179194
159456
96953
42668
67341
116686
167680
200576
202221
205511
213735
225249
233473
238407
240065
203892
194029
190746
208839
240091
254894
236788
208826
213748
228551
241710
238420
228539
225249
236769
251572
271323
195674
105209
52574
57504
103559
157843
190740
223636
228571
241729
223636
184160
179226
184160
170989
177542
123250
78840
147931
284456
305839
174253
41041
92026
152891
198951
115065
45982
100256
151251
162765
119999
126566
129855
126566
118342
115058
116703
121638
139731
138086
131506
126572
129862
134796
129862
118361
105215
118367
90405
115073
111788
101919
144684
115078
65733
75597
77242
77242
105197
152902
184154
190733
157850
113439
93701
120014
138112
121663
105215
106860
128243
144691
167719
187456
197325
195681
189101
184160
189076
182483
185773
203866
205511
189063
179194
184128
167686
138080
110117
100249
100248
93669
82151
73926
75578
90400
113428
159488
195674
167712
116722
103564
87116
93690
108493
133171
161133
177581
174291
162778
175917
217025
197287
103545
34456
31161
37740
21312
36115
36121
39411
49280
67373
100282
146342
179239
208833
197325
198970
212129
212129
189101
164429
151270
147981
156205
156205
146336
129888
113439
96991
83828
281252
291126
305935
320734
328963
328963
327305
322371
287816
210510
144723
88799
96999
154568
207213
269711
307529
305884
297660
281212
269698
266415
268059
268066
235169
220372
187476
174317
174317
139782
106885
111820
129900
156211
190752
215425
230222
238446
235156
226932
217063
213774
205550
194036
187463
185818
179239
171021
169376
136479
121676
136479
129906
82207
62464
87136
88781
95354
113447
139769
157856
157856
136467
116735
98649
88775
73971
67392
72326
85485
95354
100288
111807
121676
139769
149638
141414
124966
121676
129894
146336
133177
110150
87122
70669
67379
73959
82189
77255
65741
54227
55872
77255
110151
143052
164435
139776
128262
111814
100300
95365
93716
90420
85485
96999
111802
138125
157862
161152
152928
151283
156211
162810
179265
207227
233544
253282
264795
273020
277954
287823
287823
289468
296047
299337
294402
277954
266427
249966
240097
226939
218715
217070
217070
208846
202266
197332
200622
203911
203911
200622
202266
205556
210491
228577
226932
221998
217063
205550
187456
167718
152921
146342
136479
126611
126610
134835
143059
146348
146355
161158
154579
151289
157868
167744
174323
169382
161158
141433
124979
120044
131552
134848
118394
98656
92071
73978
95348
121665
147987
164435
169370
172660
175949
166080
184173
197332
202266
218715
246677
258190
249992
189166
185882
199041
235221
263183
264821
245064
225326
202292
169395
131552
103577
103564
121663
149606
162778
189114
182548
171021
152928
151283
169376
190746
198970
194036
207194
221991
215412
194029
179226
189076
205524
192372
202240
218689
240071
259809
268033
259809
246651
218689
207175
213754
238427
243361
217044
187437
172647
185812
231867
263118
254894
236801
231867
226932
218708
231867
223643
217063
213774
207194
202260
205550
212129
198970
192391
184167
175943
167719
156205
141401
133177
121663
124953
123308
116729
113439
116729
123308
124966
92095
77293
67424
67424
77287
87149
101953
113471
126617
131545
136480
136480
134822
128243
120019
115078
116710
146310
177568
180858
161120
143033
141389
147974
179226
192384
208833
218702
221991
213767
190740
172627
156166
174246
190708
200589
198964
190746
182535
177600
144704
126611
116729
124947
144665
161101
175891
182471
161081
146278
128198
124908
129855
136435
133151
126572
128230
128230
134816
159488
194036
225288
236821
240091
246658
245019
241729
235150
230216
228571
231860
235150
241729
223636
197319
169357
146336
128243
113439
106854
121670
116748
131533
151277
161146
157856
154554
154554
161133
146336
128230
116716
113427
101913
82162
62419
45984
31193
29555
50937
70675
72320
60813
52589
34489
36134
47641
73959
113434
159488
200609
225281
226926
226919
225262
217038
215386
220302
231809
240033
253192
223585
182471
133145
82162
54195
70656
106849
177588
230222
264763
279567
291080
282856
272987
284501
266408
279567
274632
246670
228577
220353
200615
175943
116716
113427
105202
90399
65728
42700
32844
36134
41062
29561
21337
24627
32864
55891
87137
116731
164423
159494
139757
110150
101926
123308
159494
184167
190746
179232
167719
159494
154560
172653
226932
279560
264757
248309
228571
218702
218702
221992
221992
218702
221992
221992
225281
230216
231860
230216
221992
218689
223611
231822
240046
243336
241704
243349
249928
254862
230209
218695
180877
146336
116729
77253
75603
121646
189076
243342
261435
251566
258145
261435
251573
254862
241704
238414
253211
282818
295977
287753
281173
286108
289410
289423
287778
284489
282844
281199
279548
276258
287759
287759
281179
259803
217025
154521
95308
62413
78848
95303
118330
133138
131487
110104
78853
57465
146279
230170
266357
230170
200557
197268
179175
149568
123270
85439
65696
96948
156161
197287
212090
212090
208801
197287
208801
217025
208801
220314
231828
221946
187386
139667
121593
129830
119967
119986
146316
157843
180871
175936
128236
90392
87098
78861
90375
138055
142995
156153
157798
142995
134771
142995
152851
152851
169286
170931
169286
159417
149529
139660
138015
134745
126534
110098
103519
123257
164377
210433
248264
268001
282805
291029
300898
300898
294319
291029
295963
302536
294312
286082
282792
289372
302537
307471
300892
292668
279509
291023
305826
315695
322274
318985
299247
279515
208794
131487
101880
118329
126553
144646
166029
159449
151225
161094
157798
141350
138060
151219
156153
147942
103545
120006
134809
143033
169351
217050
253237
266395
245012
240078
230209
220340
212116
208826
208826
210471
195668
192378
174285
143033
118361
110137
113426
116716
136454
157837
180864
187444
187444
182509
175930
169351
154560
144691
154560
182522
233512
277922
233512
134822
46001
34483
26259
27904
41068
65741
101927
129894
171002
221991
235150
212122
202253
184160
159488
154553
116722
95340
100269
111788
103564
106854
115078
105189
141350
221934
286082
289371
279502
287727
289371
276213
292661
287727
276213
261409
246606
226868
195616
167667
141376
171002
221991
228571
195674
182515
174291
146329
124947
111788
110143
120012
121663
120018
146336
185792
192365
133139
115033
136403
220269
295918
299182
297531
292596
284372
295873
315611
315624
292597
235034
174208
144633
98604
64058
72282
106823
136435
146304
147948
138080
133145
143014
164397
172621
166042
169331
180845
249921
230183
202221
175904
159456
154521
156166
159456
151232
144652
139718
139718
138073
129849
115046
98610
171003
174298
179239
184173
187458
189108
190759
190759
182528
187463
161139
124953
146336
218702
268047
274626
253256
246677
238453
238453
253256
271349
274639
268059
241742
254901
274639
287797
281218
249966
205556
174298
134816
123289
98629
85466
83821
88756
92052
95341
101921
187456
274639
314114
320694
325628
315779
300975
291087
256546
225294
220359
231873
241749
245038
248328
233524
198983
149638
116748
111814
118393
111814
97023
75648
70714
59200
44397
39468
54259
77293
98676
111834
121689
129913
131545
121670
105221
87128
73965
64109
69043
78912
85492
85492
85492
90426
100289
111807
136480
167731
185824
195687
200622
203911
203918
195687
189114
190759
200621
208845
210490
213793
223662
253281
261506
263150
248347
222036
195719
169402
152941
143059
141401
139757
143046
147987
146342
139769
133190
138124
134835
131545
129900
133190
133183
131539
129894
126617
124966
121676
118387
120031
133190
159507
180890
169376
154573
133190
120031
118380
121670
124960
128236
126585
128230
126585
133164
120006
80524
95322
164405
213755
254875
263099
249941
256520
256520
249941
259790
256494
254849
243336
220308
189069
166042
152877
147942
154541
136448
110137
92044
93684
120001
162772
194036
259842
287817
312489
312489
302620
300975
300975
297686
304265
297686
292751
294396
299331
296041
282882
273001
249954
217044
179220
154547
136461
138105
177581
223643
249960
243381
235156
235150
236795
238440
238440
240085
225287
215419
203905
198970
197325
194036
190746
189101
182522
177588
166074
152915
144691
143046
146336
147981
177594
190772
215425
228584
228584
225294
230216
238440
240085
238440
236788
235144
235144
236788
240059
236782
221992
225288
230222
231873
230228
230228
231873
235163
236808
223649
205556
182535
146349
106873
78911
69024
121633
162746
221959
281173
320655
330524
309142
282824
263099
274613
286127
286133
271343
248315
228577
217063
225275
226919
225275
218695
212116
195668
166061
139744
123295
116716
123295
143033
149613
143033
151257
169351
187450
220353
271349
315759
342083
350307
351952
351958
317417
284520
223675
156237
110182
105247
133203
162810
116755
90438
80564
72340
64115
93709
123316
121676
106860
90412
77248
78887
88756
103559
123302
138105
177581
210491
249966
264770
261480
254901
248322
245032
240097
246677
245032
195687
128249
96998
116731
164429
205537
205537
205537
205537
205537
202247
194030
187450
190740
213767
249954
272981
258178
213767
171002
149626
110137
85471
65728
65728
78887
92045
101914
108498
120012
118367
113433
105209
95340
90400
92045
95329
57510
72314
113434
184160
259822
302588
304220
286127
277890
268015
253211
253211
246625
207143
203854
253198
304201
299285
299285
297641
284488
264750
253237
249947
268040
251592
261461
272975
256526
226919
174285
110150
60837
50976
44409
46067
47712
36211
21420
14854
21433
18131
16467
11520
6585
18092
49325
78919
131540
139757
152915
182522
225287
258184
259829
246670
246664
243374
240085
235150
225281
223636
236795
253243
258190
253256
249966
249966
254901
263125
268059
271349
248328
213787
164442
118387
85490
80551
106868
138125
161139
179232
189101
184167
180877
182522
169363
147981
134828
128249
129894
144697
152921
136473
98642
67386
47648
73965
101927
126604
157856
190752
203911
200621
189101
166074
141401
129888
126598
116729
95346
75603
90407
100276
118374
133177
147981
164429
189101
207194
220353
225287
205550
159494
92057
32838
60800
147976
192404
169395
146349
123321
108518
101938
101926
105215
120019
121663
124940
123295
123295
129875
147955
159469
147974
134828
123315
116735
113439
113439
121663
133177
124953
124953
85477
59155
95341
133172
147981
161133
197319
194029
184160
166067
157843
164423
177581
187450
184160
189095
190740
182516
175936
180871
200609
220340
235124
230177
217018
203860
195636
195636
202215
208794
215374
230177
233467
218663
207150
213729
226887
230190
228558
226926
221985
223630
245013
259816
238427
202241
118335
98604
103534
110118
110111
126559
136435
118342
118354
101925
82187
62438
69018
113428
187450
243368
261461
264750
282837
299285
294351
274613
271324
284482
292725
276296
281231
284521
276277
258184
197326
116723
92050
98631
110138
124947
126598
105215
90418
98637
105204
69023
36121
36121
59149
96973
147963
190733
189088
207182
205537
167706
116716
83820
75591
75591
108513
131545
105228
52594
32851
34496
47654
72327
95354
82196
93709
101927
93708
101927
111801
100287
101919
106854
113433
115078
113433
111788
113427
116716
131500
123276
106828
95314
101882
123270
136428
139718
169306
174240
174240
170950
170950
172595
167661
161081
189044
182464
184109
189044
179175
159437
147923
149574
167654
169305
172595
175885
187399
197267
195623
187399
218650
215361
221940
243323
264705
261416
235098
207130
198919
180826
184115
187405
177536
192340
207156
200576
192365
205524
220327
215393
179226
123302
64088
26259
34496
42739
49299
85472
154549
198964
223617
249921
213735
200589
174291
156198
154560
172666
189133
200647
182535
175943
167719
166074
172653
177587
175943
172653
182522
172653
167719
169363
172653
172653
174298
179232
166074
171008
167718
166074
179232
184167
144691
93701
95341
90407
98631
110145
95346
59155
39417
41062
78880
98618
116711
116716
111782
116716
136454
156192
198957
177575
151257
139744
143033
144678
139744
133164
151257
133164
108492
92043
93696
133172
194029
241729
263118
282856
299317
304246
299311
289442
276277
266402
272975
279541
286120
292700
292712
291068
284488
279554
276277
276277
273000
269711
264776
261486
261486
263131
220366
213786
210484
213767
223623
220321
195635
167661
128178
121599
115026
121612
143014
180839
215393
235144
249960
248315
243380
231867
215418
180877
129888
87122
64096
78899
103572
129894
149632
157856
162790
164429
175949
207201
241742
259835
268059
279573
289448
292738
287804
268066
249973
235169
212142
179245
151283
138125
185824
189114
194049
203918
222011
241748
251617
251617
235169
225300
212148
200634
197345
198989
200634
202279
215425
215425
208845
190752
171008
171008
202260
236801
251605
264763
268053
253249
240091
245025
261474
276271
287791
273007
266427
274652
296021
307535
302601
294364
246670
200615
159482
136460
113433
85471
73952
85447
64051
82125
105172
179207
281199
330556
328924
330569
325635
317410
300949
281199
264738
259790
266350
269659
251598
245032
233518
207201
169370
134841
124972
126630
110182
98668
87149
77293
69069
62490
64135
70714
97024
105255
120044
133203
148006
152941
141414
123321
90424
82195
82183
87111
90400
88756
92032
93677
115085
126604
143046
159494
175936
190740
198964
198964
195668
226919
233505
212122
218702
256533
268046
251585
248283
266357
284450
291029
282805
266357
248264
238395
212077
197274
182471
179181
184115
184115
172602
159443
169331
167686
164397
162752
161120
161120
162765
162765
152915
147980
141414
133190
121676
115097
123321
138118
179232
200615
194036
172653
154560
118374
96991
110145
129888
136467
139757
134822
131532
131532
129888
126598
103564
120012
156198
202254
233505
248309
258178
266402
292719
291074
286140
274626
259822
240085
223636
213767
194017
177568
169344
167699
149606
111775
88748
85453
129864
147962
180858
220334
259810
294351
319023
332182
330537
330537
327248
320668
312444
307510
302575
302575
322313
304220
284482
276258
269679
238427
182503
136448
95340
134817
210484
264763
272981
269691
249953
208833
272981
291074
294364
274626
258178
246664
217057
182516
162771
170996
179220
170996
151258
138099
144685
159488
180871
175936
171002
167712
169357
184160
207188
226926
240085
240085
236795
231860
226926
226926
228571
231860
230222
233512
236801
236801
236801
233512
231867
230222
217057
220340
221985
226920
231854
235144
235144
233499
208826
190733
144678
108492
93689
78887
98625
151265
212129
272987
327260
327260
302575
281192
271323
263099
284469
282824
271311
246638
231828
230183
236769
241703
243355
236776
220340
202247
177575
151257
124953
110150
113439
121663
133190
143059
149638
157862
167751
180903
230228
276284
297653
307516
350262
374928
361750
343657
322274
304181
220314
134796
113433
141401
139769
92069
118401
100313
82200
82196
105223
126611
126598
113439
83832
93697
85460
83815
96973
93684
98605
120001
182522
222011
263131
274645
263125
251611
248321
249966
258190
261480
253250
213774
133177
62450
87117
164424
215412
223636
226926
218702
208833
198964
187450
177581
177581
167712
207188
284495
314108
266408
203905
177588
152928
106873
72331
72333
80557
82202
93722
111815
123334
138137
149645
149645
139776
128256
116742
105228
85471
88756
93697
80538
52563
69011
166056
272975
309148
319017
320662
299279
263080
223604
192359
175904
223617
279541
284463
291042
295976
282818
299253
305832
281160
269646
259764
259764
266350
253192
213703
169312
96965
47641
31193
62445
85479
70676
41069
27904
39437
31219
34509
34509
19718
19718
31238
32870
88749
118337
149613
172640
179220
192378
220347
248309
259822
254888
248315
248315
246670
243381
231886
228577
238433
245013
253237
256527
254882
251598
251598
253243
261467
279560
289429
269691
221991
166067
115078
83833
69037
103578
138125
151283
147994
149638
159507
166087
167731
177600
169376
144704
138125
144704
136480
116742
85477
57510
62445
100276
113439
98636
110132
143033
241710
243355
230196
203879
179194
161101
144652
129862
123295
73964
50931
77248
113434
134822
161139
190746
187463
195687
220359
230228
215425
203911
161146
95353
27891
24601
113422
187444
151258
118361
123295
108492
144678
157837
157837
143033
134809
139744
138099
131520
141376
146310
144684
138105
133171
129881
123315
116735
115090
116735
121683
126617
120038
110169
110182
123327
120019
164422
212122
236795
249934
249934
231841
210458
175904
187418
198932
202221
202208
197274
193984
190695
179194
197300
221972
236776
244987
243342
231828
218670
200557
208781
223578
238382
241671
235092
226868
225223
207137
212071
220295
226875
233454
236743
238388
238388
228519
256481
266350
236743
193978
161082
129830
100242
105202
103564
113433
131507
133158
116697
92024
77216
128206
195655
249947
248309
236808
249979
274658
287823
299324
292751
296015
300950
294370
284501
291068
304226
297647
279554
225268
116710
44344
90394
141371
115058
113433
113439
123308
141401
147981
129888
88767
55866
115079
175943
212129
195681
184160
192385
180871
149626
115084
116729
90412
77248
111790
129888
88767
37772
13107
36134
72320
100282
113446
110156
100287
92063
77255
80544
77255
62451
52582
55872
64096
69030
65741
41068
59162
93703
96993
95348
103572
103564
126572
123283
121638
126572
138073
151232
162746
169325
193984
185760
179168
179168
184103
189037
185747
180813
138163
190797
268091
333865
353584
343715
330539
327247
327248
327248
325609
322332
319062
317430
319075
320719
319068
314127
314108
319049
325628
322339
309167
296009
271336
245025
205537
180864
169351
146323
126572
116722
129907
133196
138131
144710
149645
148000
141420
136486
129907
126617
116748
101945
85496
75623
78912
87136
141409
228590
304252
319055
312489
324003
322358
304265
299343
282895
269730
279599
296066
294422
259880
223681
161171
167751
185837
218734
254920
279586
286165
282876
279586
282876
287810
289455
286165
281231
281237
284527
279599
282889
277960
249998
202286
152941
124979
116755
139769
179245
225287
240091
233512
228577
235156
243380
230235
217089
205562
187469
171021
169376
187456
205550
190746
180877
169357
161133
167712
184160
203879
210478
228577
208852
182535
162797
154573
151283
147994
146349
129900
134835
136473
131539
126604
133184
151277
167719
210484
231867
249960
258184
259829
263119
263119
258184
245026
236801
228577
228577
226932
226932
233512
243381
243387
243387
218715
195687
190753
177594
180884
210491
231873
240091
245026
245026
249960
261474
271343
276264
292706
277903
264744
268034
277903
282837
284482
287772
282837
274613
261455
249941
240072
230203
218689
213742
202215
205492
198913
187399
180839
197287
228539
253211
297628
320655
315721
302562
302581
297647
294357
310806
312463
307529
302594
299305
299305
300949
302581
300937
291048
289404
286114
282824
289397
302556
317359
325583
317340
279509
215361
147923
98578
82125
87079
98593
90375
98599
129851
161107
198951
264744
294351
271323
171002
131539
98642
92058
98638
115086
144698
177594
225288
259829
297660
315753
322332
325622
332201
333846
327267
335491
325622
266408
179239
123315
133184
172660
213780
245032
269704
269704
251617
238459
230235
225300
254894
256539
261474
259829
251605
230222
205550
187456
144691
131532
116729
108505
108511
126604
166080
202266
226926
246664
254888
249953
253243
256533
236795
207188
182515
162778
133171
113433
115078
123302
120012
110143
121638
111769
105190
105190
98623
90394
85460
85460
93697
96986
92065
80551
72327
70682
67392
65735
88756
110119
119993
106834
92050
98625
110145
116729
128243
146336
141414
110162
88799
103598
131564
149638
129888
116729
101926
101926
113439
121663
120019
113439
103570
80543
67379
83828
113434
138112
151270
159494
167719
147981
124953
108505
92057
80538
78893
83828
98625
131521
172647
184160
157843
133171
143040
171002
194036
212129
235157
256539
276277
289436
289436
281212
287791
284501
294377
322339
343721
332208
289442
251611
231873
220359
203911
192397
189108
190753
192397
192397
190753
175949
175949
195687
202266
190753
185818
192397
194036
194036
198970
207194
210484
205550
194036
185812
175936
167712
154554
143040
141395
147974
161133
170995
177549
180826
179181
174266
169344
170989
174291
179226
177594
179245
159526
136493
131565
143091
169409
198996
195681
169351
144678
134809
124941
111788
116723
134816
146330
146330
146330
146330
147974
149619
151264
151264
194042
222024
233518
228584
218715
190753
177581
197319
231860
251598
264750
254882
240078
215406
167687
119980
78847
92007
123258
154508
175891
187405
157817
106821
144665
154528
146304
115052
118355
138093
154541
205518
189063
184109
184109
192333
192333
185760
193972
210420
249889
284430
314037
320617
318952
302504
264673
223572
244974
269666
304200
304200
254856
193997
167680
174259
281173
305845
304201
259790
215380
202221
203860
200583
218689
218702
207188
187450
184173
197332
200622
192397
177613
171034
162816
161171
166112
171047
169402
166099
133184
129894
124966
124966
128256
129900
126611
123321
113452
116742
113452
92069
65747
50944
54240
64102
78925
93729
111802
116742
115097
111807
110150
106860
103570
95346
105197
139744
179219
190733
177562
156179
139731
108485
90392
118350
174278
213754
223623
220334
207175
194016
175923
162765
166054
180858
192372
194029
185805
189095
195674
202253
164403
82162
68998
133147
166041
175910
189056
184122
167673
146291
131487
121631
96985
87117
95341
118369
121663
103570
96991
103566
115084
164429
228571
266402
268047
249953
230216
218702
238440
241729
241729
236795
235150
238440
238440
235150
241729
184160
128236
108499
103570
100281
106860
123296
138080
167687
175924
157830
149613
157837
147974
128236
131532
133177
134835
134835
123321
90425
39449
6553
6553
14777
32851
42720
39430
27916
21324
16390
65735
82183
123291
170995
205537
220340
230196
238414
231848
231848
231848
233499
230209
230209
236795
245019
231860
195674
143040
88760
50925
67367
146318
226919
274619
302588
297653
277909
284488
282843
269685
271330
268040
266395
253237
233499
223630
212116
185799
156192
113427
118361
111782
83820
45997
27904
36128
50944
44365
34496
31206
44384
70701
95373
115111
128275
103570
93701
90407
115066
161126
200602
208826
202228
200583
172621
141369
108466
105177
180819
264706
291036
271298
261429
246625
233467
226887
228532
238401
246625
246625
241691
238401
241691
244981
243336
235112
225243
221953
228539
238408
244987
248277
254856
264725
272949
244987
200577
156166
90373
60762
83789
146292
251566
272943
266363
258145
248283
251579
269685
271336
246664
166061
179232
228577
276271
289429
286146
286146
286146
286165
282876
282863
279573
277928
277928
277922
277922
296015
296015
296008
286139
254888
195680
128223
78879
106907
123360
143098
151322
152947
152947
157882
166101
187482
192417
144717
87148
87130
121671
171021
218721
258210
200654
121702
138150
222036
208878
121702
83871
98670
115118
143085
171047
172692
149664
121702
105241
121676
128243
133177
136467
146336
157850
166074
167718
179232
192391
218708
243380
258184
261474
263118
266408
258190
249966
246676
254901
261480
256545
248321
245032
238452
256545
263125
259835
259835
253256
213780
167712
133145
129836
129836
141350
156153
166022
169312
169312
162733
172602
182471
185760
180826
172595
167661
164377
203853
244974
302562
358486
391383
386448
346979
310793
323970
322326
317398
317398
317410
322345
323990
327267
320674
312437
305871
276264
220340
180871
147981
108505
65739
62451
80557
116743
131551
118393
105254
111814
128249
151257
172640
179219
166080
154566
151270
152915
131545
115090
106879
113452
116742
111807
116742
128256
162791
238446
315753
335510
317417
302614
310838
324009
320720
299356
289487
291132
286197
254946
208891
175988
177633
179278
189146
210529
236846
259874
269743
271388
279612
274677
268098
261519
253295
236846
217109
203950
203950
172705
133229
100332
73996
65767
98663
141429
172672
207214
243400
251624
240091
221998
208839
202260
171034
120057
60844
24652
13126
18060
31219
44378
87124
103572
124947
129881
121657
121657
141395
162778
175936
192391
210484
213774
195681
169363
149626
143046
138112
154560
174298
189101
190746
184167
177588
175936
174292
175936
180871
189095
198964
200609
192385
182516
167712
162778
171002
187450
197319
187450
171002
161133
195661
226920
238427
205530
167699
167699
198951
225268
272968
284482
291061
289417
284482
281192
277896
272968
264757
251598
238440
238440
256533
281205
307510
319023
300917
302562
291048
274600
276232
274587
238401
192346
101862
68965
78829
128174
131468
90348
83783
119969
200583
268021
327235
333814
310799
294351
282837
269679
276264
297647
302581
300937
309161
310806
307516
314095
310806
320674
325609
317385
297647
284488
284488
291068
297660
299311
291080
263118
212142
161152
128256
115097
60837
67411
88788
118395
136505
139795
134861
134848
136480
179245
187463
156211
113465
73989
67399
98650
190774
240117
292771
317437
317437
319081
328950
342096
325641
314108
317398
310819
300950
304239
249960
147981
120025
156211
195687
230228
271349
309180
320694
310825
315753
302594
286146
271343
251605
221998
190746
171008
147981
139756
113439
83832
83834
129889
195687
240091
233499
225275
215406
210471
215406
220340
220340
217051
210471
205537
198957
198957
208826
225275
236788
238433
215425
134841
54245
29568
46016
69043
92071
108519
106873
116742
126611
131545
133190
129900
123321
116742
138125
118387
103583
98649
95354
90420
96986
105210
101919
126591
144684
171002
198951
167699
116710
96985
120014
115097
100294
75621
49299
29561
16403
11468
21331
37779
52582
49293
34489
22976
24620
32832
32825
36115
37773
37773
36141
31219
31232
27955
57562
73991
60826
72320
120007
124947
98617
95322
119975
133139
149587
170970
205511
235118
230184
205511
192353
217025
248277
268015
274594
277884
277884
276239
268034
246651
241717
249941
238427
210465
205530
221979
284482
315734
332182
317379
305865
304220
289416
266389
213755
226913
241717
249941
243368
228564
213761
205537
220340
212116
194023
169351
152902
134809
101913
69016
60800
60800
64090
72314
82189
87124
85485
82195
69037
90420
108513
105228
90418
75610
69030
67379
52582
49293
136469
222004
271362
305903
299324
296034
315779
307555
287830
277961
281250
292764
297699
296054
325648
307555
276303
253275
251618
243400
198990
151290
175943
236808
230216
171002
169357
208839
225287
221991
243387
263138
241761
243406
274645
212142
141401
161146
210490
182528
195674
203898
151245
90386
82151
90394
70676
118369
210484
185812
251605
268047
246664
180858
95334
93684
59142
26227
50899
113402
129856
101900
88767
93696
100276
106860
116729
116729
96991
73959
82183
73952
75597
82176
93690
134811
197319
240085
279535
277877
271298
259784
241697
221959
207156
202221
187418
175904
166035
167680
170976
170976
167686
162758
115078
96991
80538
75603
73959
87117
123303
159494
151270
154560
144691
144691
190746
251605
261474
233511
147987
111788
96985
115073
120012
101919
106854
131526
149619
141395
121651
96978
85460
93684
113422
129875
164422
184141
166048
139731
133151
124927
131507
161114
198945
226907
243348
235124
228545
235124
236769
228545
200602
156192
138099
146323
157837
184154
194023
174285
159482
126585
83820
75591
120001
177575
192378
177562
200564
198906
187392
156153
116678
90360
92000
105172
151232
172627
157824
131507
128217
106834
67358
41062
6553
46022
118375
192385
236788
254862
266363
277877
248257
202202
167680
151232
131507
136441
136454
118361
92050
113428
138105
154553
164403
166048
164403
161114
159456
156166
154521
154521
141350
110098
78847
62393
73926
78861
83795
85440
87085
90375
96954
101888
95314
87085
72282
67347
60768
37740
60768
131476
198906
235092
256481
244987
228551
228564
233511
236801
251611
259835
226926
161113
129855
152864
175885
170957
124934
69022
54214
77242
121652
213767
300943
320681
300943
291074
281199
276264
271330
268040
276264
287778
271330
309161
312450
241723
149619
106854
120012
146336
82187
45990
22963
29542
32825
27891
37760
59142
111809
131552
164448
197345
220372
231886
233531
231886
228592
228597
228597
228597
226952
226952
225307
225307
218715
207207
182535
151283
120031
113452
134835
162797
220366
254907
287804
289448
264776
235169
212142
200622
175968
223668
299330
360189
373347
338806
291106
259854
184193
159526
133209
124985
123340
123340
121695
121695
101958
92089
77261
54227
41056
42707
64070
80518
88743
90387
88762
90413
95361
118401
164461
202298
238510
264827
291132
294422
282908
271394
268085
264795
274664
281244
291106
294396
289461
286146
281212
276296
279618
276335
276329
284553
304271
314147
304271
287804
245032
208833
167699
139731
128217
123282
126559
126572
134835
161158
180896
213793
263137
284520
289455
307548
304258
297679
289448
277935
261486
238459
213786
200628
187456
192385
197319
200609
202260
205550
212129
215419
221998
221998
221998
217063
205549
187456
167718
151289
144755
126681
125030
144768
172724
192461
202324
205614
202318
202318
203943
200654
200654
202298
203937
203937
200660
194081
182567
162829
143091
128288
120063
118419
138157
175988
205594
213818
220398
228622
213818
189146
174368
154631
128300
110194
103609
111814
124966
134822
120018
124953
129881
134828
141408
147993
154592
161165
177607
194055
218708
233512
236801
233512
236795
241729
233505
220347
202247
175930
151257
133164
131507
136441
180864
207182
256526
314095
360144
374947
366723
351920
348630
314089
268034
228558
198957
170995
139744
116716
113439
131532
162784
194036
207194
195681
167719
143046
95346
98631
105210
111795
118374
128243
143046
156205
197313
208833
220346
226926
228571
226926
223636
220346
225281
223636
226926
231860
240084
243374
243374
240084
225287
210484
189101
162784
133171
113433
108499
115078
144685
172647
210478
246664
277916
297653
300943
294370
273007
245058
207227
179265
166100
159520
152941
148006
154566
161146
171002
174292
175943
182522
194036
205543
195687
190753
189108
190753
190753
187463
187469
192404
205562
205562
203918
200628
195693
185824
175955
169376
180890
172666
159507
146349
134835
126611
121676
118387
133190
110163
126611
161152
179245
207207
236814
243393
220347
198964
171008
151270
144691
152915
174298
192391
208839
212129
218708
223643
226932
221998
213780
207194
203905
208839
210484
208839
210484
210484
202260
192391
157850
138112
113439
105215
110150
118374
120019
116729
149626
131526
106854
85471
69024
65735
77248
92052
113434
95346
72314
54221
42707
44352
65734
87117
124948
144678
162771
167706
167706
167706
164416
159482
95334
75591
55853
50918
65722
93684
131515
159482
202253
230215
249953
245012
238433
233499
215399
194017
154541
152896
154541
161120
167706
166061
156192
146323
156192
146317
129868
115065
110131
123289
147962
166055
200596
210465
223623
233492
235137
230203
221979
215406
225275
202247
170995
141389
123295
115084
113439
111794
116742
121676
123327
113458
85509
60832
42745
34515
26272
37772
64090
96986
131528
177588
240091
291080
302588
299298
284495
254888
220347
185805
151264
126592
161146
159520
169389
179258
177594
162791
152915
156199
179226
223636
274613
294351
287772
274613
269672
271324
269679
261455
256520
261455
268034
254875
217044
182503
141389
113427
100268
129875
192378
256526
302581
322332
322339
314134
309199
307554
309180
302601
296009
289429
282850
292719
304220
305865
305846
300911
302556
305846
289417
286133
286133
287778
286133
282850
277916
276271
269691
256533
215412
156198
111788
96991
96986
95348
97006
85505
98663
133205
161172
175975
200647
226965
217096
146368
98668
124981
184199
223675
238478
248334
241717
230190
197313
167706
151257
146329
139763
131539
85484
72320
64109
78912
113447
154573
189133
213787
225281
228571
231860
233505
236795
241729
249954
256533
256533
251598
245019
238440
236795
233505
228571
223636
246664
235156
220353
207194
184167
143052
95353
64096
22976
39424
75610
128238
174298
198970
205550
205537
185786
152889
128204
139718
177549
213735
240039
249908
240039
241684
243323
243323
240033
236743
236730
233441
231809
236743
228519
215361
218650
235098
236743
225230
195623
189043
195623
213716
217005
195623
174240
164377
187424
221978
259829
274632
256539
218708
174310
146348
103583
62462
42726
44371
42726
54240
59194
44390
60845
80583
80583
59200
57555
82215
87149
77267
70688
88781
82202
85479
131534
175949
210490
243380
248321
249960
253250
254894
254894
253250
251605
249960
240091
226932
220353
217063
195681
162784
144691
144691
171008
195681
215419
217063
213774
212129
202260
190746
202260
198970
194036
185812
179233
161139
126598
96998
103591
105254
100319
83871
65760
52602
47667
49312
42720
34496
29548
32838
45997
57510
64090
64090
69011
143035
248308
300943
302568
310793
317372
300924
282818
264725
271291
266357
238395
221946
212077
187405
193984
243329
289384
300898
292674
284450
274581
261422
254843
259777
263067
253198
225236
198919
193984
203853
238395
259771
269640
243329
190695
144640
128191
128211
57483
37747
29523
32812
27878
24588
44326
75578
75565
77216
98599
136430
151245
141376
123276
116697
159482
195668
231860
245019
240085
235150
233499
233499
235144
246658
256527
259816
261461
263106
259823
253243
254888
259822
258178
248309
238440
230216
220347
210478
177588
136467
96991
93697
116724
141401
156205
161139
126598
123308
120019
115084
103570
92057
90407
